X	Y	Z	Roll	Pitch	Yaw	Residual	Rot[0]	Rot[1]	Rot[2]	Rot[3]	Rot[4]	Rot[5]	Rot[6]	Rot[7]	Rot[8]	
1232.07679	-61.35025	100.94064	-0.05262	-1.19905	176.26636	0.60318	-0.99766	0.06510	-0.02094	-0.06510	-0.99788	-0.00045	-0.02093	0.00092	0.99978	
1232.25683	-61.11427	100.43690	0.30315	-1.22289	176.15028	0.35206	-0.99752	0.06725	-0.02094	-0.06712	-0.99772	-0.00671	-0.02134	-0.00529	0.99976	
1232.27831	-61.10178	100.44765	0.31987	-1.13139	176.11481	0.35515	-0.99751	0.06787	-0.01932	-0.06774	-0.99768	-0.00691	-0.01975	-0.00558	0.99979	
1232.24221	-61.32847	100.65771	0.01984	-1.54649	176.06569	0.09224	-0.99728	0.06862	-0.02690	-0.06859	-0.99764	-0.00220	-0.02699	-0.00035	0.99964	
1232.26469	-61.29285	100.67013	0.05554	-1.51798	176.01128	0.11981	-0.99723	0.06959	-0.02636	-0.06954	-0.99758	-0.00281	-0.02649	-0.00097	0.99965	
1232.23744	-61.33107	100.64749	0.05884	-1.54209	176.05632	0.09931	-0.99727	0.06880	-0.02678	-0.06875	-0.99763	-0.00288	-0.02691	-0.00103	0.99964	
1232.23440	-61.32780	100.66565	0.04407	-1.51303	176.07611	0.07745	-0.99731	0.06845	-0.02629	-0.06841	-0.99765	-0.00257	-0.02640	-0.00077	0.99965	
1232.25453	-61.28916	100.67829	0.05668	-1.50243	176.00484	0.11979	-0.99723	0.06970	-0.02609	-0.06965	-0.99757	-0.00281	-0.02622	-0.00099	0.99966	
1231.78063	-61.17808	100.75034	-0.00214	-1.62767	176.06033	0.12827	-0.99723	0.06870	-0.02834	-0.06868	-0.99764	-0.00191	-0.02840	0.00004	0.99960	
1231.77520	-61.15934	100.75688	0.01236	-1.52897	176.02052	0.12470	-0.99723	0.06940	-0.02660	-0.06937	-0.99759	-0.00207	-0.02668	-0.00022	0.99964	
1231.77415	-61.13787	100.76186	0.02633	-1.49407	175.98630	0.13007	-0.99721	0.07001	-0.02598	-0.06997	-0.99755	-0.00228	-0.02607	-0.00046	0.99966	
1231.76374	-61.13056	100.76563	0.02246	-1.49905	176.00943	0.11586	-0.99723	0.06960	-0.02607	-0.06957	-0.99757	-0.00221	-0.02616	-0.00039	0.99966	
1231.73617	-61.14349	100.76811	0.01156	-1.50895	176.00534	0.11882	-0.99722	0.06967	-0.02626	-0.06964	-0.99757	-0.00204	-0.02633	-0.00020	0.99965	
1231.74065	-61.15151	100.77492	-0.00127	-1.44738	176.00757	0.11795	-0.99725	0.06962	-0.02520	-0.06960	-0.99757	-0.00174	-0.02526	0.00002	0.99968	
1231.72983	-61.15280	100.78962	0.03386	-1.48314	176.00723	0.11151	-0.99724	0.06965	-0.02578	-0.06961	-0.99757	-0.00239	-0.02588	-0.00059	0.99966	
1231.69759	-61.23722	100.79092	0.02046	-1.52448	176.08235	0.13121	-0.99731	0.06833	-0.02652	-0.06830	-0.99766	-0.00217	-0.02660	-0.00036	0.99965	
1231.70216	-61.17631	100.80836	0.03688	-1.42350	176.03545	0.10827	-0.99730	0.06916	-0.02474	-0.06912	-0.99761	-0.00236	-0.02484	-0.00064	0.99969	
1231.66572	-61.22511	100.75055	0.00593	-1.59382	176.07863	0.12387	-0.99727	0.06839	-0.02774	-0.06836	-0.99766	-0.00201	-0.02781	-0.00010	0.99961	
1231.68423	-61.17818	100.79714	0.01973	-1.47860	176.05766	0.13162	-0.99730	0.06876	-0.02572	-0.06873	-0.99763	-0.00212	-0.02580	-0.00034	0.99967	
1231.69285	-61.18115	100.81452	0.04170	-1.54739	176.06541	0.11342	-0.99728	0.06864	-0.02689	-0.06859	-0.99764	-0.00258	-0.02700	-0.00073	0.99964	
1231.67294	-61.19076	100.81268	0.02031	-1.53687	176.05196	0.12824	-0.99727	0.06886	-0.02673	-0.06883	-0.99763	-0.00220	-0.02682	-0.00035	0.99964	
1231.68763	-61.20347	100.81581	0.04156	-1.56908	176.04703	0.11440	-0.99725	0.06896	-0.02727	-0.06891	-0.99762	-0.00261	-0.02738	-0.00073	0.99962	
1231.68554	-61.15773	100.84521	0.05909	-1.49728	176.01939	0.13393	-0.99725	0.06945	-0.02599	-0.06940	-0.99759	-0.00284	-0.02613	-0.00103	0.99966	
1231.68420	-61.17466	100.81220	0.06940	-1.55585	176.03236	0.11728	-0.99724	0.06923	-0.02700	-0.06917	-0.99760	-0.00309	-0.02715	-0.00121	0.99963	
1231.64923	-61.21763	100.80271	0.02894	-1.58256	176.07840	0.13274	-0.99728	0.06841	-0.02752	-0.06837	-0.99766	-0.00239	-0.02762	-0.00050	0.99962	
1231.67086	-61.21268	100.81509	0.04765	-1.51183	176.04369	0.14511	-0.99727	0.06902	-0.02626	-0.06897	-0.99762	-0.00265	-0.02638	-0.00083	0.99965	
1231.67127	-61.20833	100.81652	0.01735	-1.51338	176.06163	0.14614	-0.99729	0.06869	-0.02633	-0.06866	-0.99764	-0.00212	-0.02641	-0.00030	0.99965	
1231.65652	-61.20009	100.82017	0.06494	-1.54690	176.05832	0.10918	-0.99727	0.06877	-0.02685	-0.06872	-0.99763	-0.00299	-0.02700	-0.00113	0.99963	
1231.64099	-61.22809	100.77571	0.04925	-1.59382	176.08908	0.13419	-0.99729	0.06823	-0.02769	-0.06818	-0.99767	-0.00275	-0.02781	-0.00086	0.99961	
1231.67163	-61.18495	100.84380	0.07127	-1.48085	176.03856	0.13308	-0.99728	0.06912	-0.02570	-0.06906	-0.99761	-0.00303	-0.02584	-0.00124	0.99967	
1231.65776	-61.22163	100.82394	0.03621	-1.52058	176.06581	0.14229	-0.99729	0.06863	-0.02643	-0.06859	-0.99764	-0.00245	-0.02654	-0.00063	0.99965	
1231.65814	-61.17123	100.82262	0.07935	-1.49393	176.03653	0.11789	-0.99727	0.06916	-0.02591	-0.06910	-0.99760	-0.00318	-0.02607	-0.00138	0.99966	
1231.65985	-61.21186	100.81542	0.03856	-1.51882	176.04271	0.14369	-0.99727	0.06903	-0.02640	-0.06899	-0.99761	-0.00250	-0.02651	-0.00067	0.99965	
1231.65584	-61.20836	100.83604	0.03818	-1.49004	176.07155	0.13296	-0.99731	0.06853	-0.02590	-0.06849	-0.99765	-0.00245	-0.02600	-0.00067	0.99966	
1231.63826	-61.21444	100.81412	0.02896	-1.52748	176.07361	0.14600	-0.99730	0.06849	-0.02656	-0.06845	-0.99765	-0.00233	-0.02666	-0.00051	0.99964	
1231.66997	-61.17775	100.82730	0.07939	-1.49568	176.04097	0.14440	-0.99727	0.06908	-0.02594	-0.06902	-0.99761	-0.00318	-0.02610	-0.00139	0.99966	
1231.63370	-61.20628	100.77751	0.08641	-1.55492	176.04768	0.12222	-0.99725	0.06897	-0.02697	-0.06890	-0.99762	-0.00337	-0.02714	-0.00151	0.99963	
1231.65753	-61.17903	100.82651	0.07460	-1.47256	176.03842	0.11661	-0.99728	0.06912	-0.02555	-0.06906	-0.99761	-0.00307	-0.02570	-0.00130	0.99967	
1231.65273	-61.19399	100.80564	0.05816	-1.51012	176.05563	0.13393	-0.99728	0.06881	-0.02622	-0.06876	-0.99763	-0.00283	-0.02635	-0.00101	0.99965	
1231.66142	-61.19072	100.81238	0.05595	-1.45709	176.03903	0.13703	-0.99729	0.06910	-0.02530	-0.06905	-0.99761	-0.00273	-0.02543	-0.00098	0.99968	
1231.63286	-61.20958	100.82494	0.07543	-1.50419	176.07011	0.10582	-0.99730	0.06857	-0.02610	-0.06851	-0.99765	-0.00311	-0.02625	-0.00132	0.99965	
1231.64384	-61.18689	100.81973	0.07212	-1.43598	176.02344	0.12852	-0.99728	0.06938	-0.02491	-0.06933	-0.99759	-0.00299	-0.02506	-0.00126	0.99969	
1231.66047	-61.19329	100.82934	0.07515	-1.42921	176.04532	0.13835	-0.99731	0.06900	-0.02479	-0.06895	-0.99762	-0.00303	-0.02494	-0.00131	0.99969	
1231.65737	-61.18845	100.83955	0.06854	-1.47503	176.02930	0.12059	-0.99727	0.06928	-0.02560	-0.06922	-0.99760	-0.00298	-0.02574	-0.00120	0.99967	
1231.64482	-61.20312	100.79887	0.04344	-1.56323	176.06282	0.14078	-0.99727	0.06868	-0.02716	-0.06864	-0.99764	-0.00263	-0.02728	-0.00076	0.99963	
1231.62100	-61.21524	100.78673	0.05431	-1.53193	176.06966	0.13114	-0.99729	0.06857	-0.02661	-0.06852	-0.99765	-0.00278	-0.02673	-0.00095	0.99964	
1231.63491	-61.21794	100.78152	0.05608	-1.64969	176.07680	0.12920	-0.99724	0.06845	-0.02865	-0.06839	-0.99765	-0.00295	-0.02879	-0.00098	0.99959	
1231.65826	-61.19585	100.83181	0.05218	-1.43542	176.03276	0.13048	-0.99729	0.06921	-0.02493	-0.06916	-0.99760	-0.00264	-0.02505	-0.00091	0.99969	
1231.61898	-61.21684	100.79944	0.05273	-1.54011	176.05991	0.13138	-0.99728	0.06874	-0.02675	-0.06869	-0.99763	-0.00276	-0.02688	-0.00092	0.99964	
1231.65084	-61.19877	100.82359	0.04967	-1.42017	176.04495	0.14104	-0.99731	0.06900	-0.02467	-0.06895	-0.99762	-0.00257	-0.02478	-0.00087	0.99969	
1231.62944	-61.18723	100.82243	0.06769	-1.45051	176.04326	0.14039	-0.99730	0.06903	-0.02517	-0.06898	-0.99761	-0.00293	-0.02531	-0.00118	0.99968	
1231.62523	-61.19406	100.80862	0.06145	-1.58058	176.05423	0.11058	-0.99725	0.06884	-0.02744	-0.06879	-0.99763	-0.00297	-0.02758	-0.00107	0.99962	
1231.61610	-61.20839	100.78713	0.04722	-1.50079	176.04828	0.13020	-0.99728	0.06894	-0.02607	-0.06889	-0.99762	-0.00263	-0.02619	-0.00082	0.99966	
1231.63130	-61.18159	100.81905	0.09315	-1.51754	176.03088	0.12627	-0.99725	0.06926	-0.02631	-0.06919	-0.99760	-0.00346	-0.02648	-0.00163	0.99965	
1231.64405	-61.16986	100.82311	0.06682	-1.47038	176.04457	0.11615	-0.99729	0.06901	-0.02552	-0.06896	-0.99762	-0.00293	-0.02566	-0.00117	0.99967	
1231.60710	-61.23136	100.81594	0.08328	-1.55878	176.08736	0.11919	-0.99730	0.06827	-0.02704	-0.06821	-0.99767	-0.00331	-0.02720	-0.00145	0.99963	
1231.63693	-61.18787	100.82382	0.07387	-1.45894	176.02754	0.12392	-0.99727	0.06931	-0.02531	-0.06925	-0.99759	-0.00305	-0.02546	-0.00129	0.99967	
1231.61980	-61.17970	100.83838	0.05297	-1.40771	176.04962	0.12861	-0.99732	0.06892	-0.02444	-0.06887	-0.99762	-0.00261	-0.02457	-0.00092	0.99970	
1231.62257	-61.17629	100.84755	0.07235	-1.41602	176.04091	0.12821	-0.99731	0.06908	-0.02457	-0.06902	-0.99761	-0.00297	-0.02471	-0.00126	0.99969	
1231.63759	-61.19230	100.82432	0.07289	-1.47871	176.02876	0.12685	-0.99727	0.06929	-0.02566	-0.06923	-0.99760	-0.00306	-0.02581	-0.00127	0.99967	
1231.60562	-61.22835	100.80371	0.07416	-1.57345	176.07358	0.12748	-0.99728	0.06851	-0.02731	-0.06845	-0.99765	-0.00317	-0.02746	-0.00129	0.99962	
1231.61150	-61.17726	100.82761	0.09302	-1.40977	176.04504	0.12303	-0.99732	0.06901	-0.02443	-0.06895	-0.99761	-0.00332	-0.02460	-0.00162	0.99970	
1231.63622	-61.20475	100.84768	0.05881	-1.44850	176.04572	0.14536	-0.99730	0.06899	-0.02515	-0.06894	-0.99762	-0.00277	-0.02528	-0.00103	0.99968	
1231.62438	-61.18921	100.82854	0.08659	-1.46397	176.03934	0.12171	-0.99729	0.06911	-0.02538	-0.06905	-0.99761	-0.00327	-0.02555	-0.00151	0.99967	
1231.61322	-61.18187	100.83865	0.06367	-1.47265	176.03844	0.12806	-0.99728	0.06912	-0.02556	-0.06906	-0.99761	-0.00288	-0.02570	-0.00111	0.99967	
1231.62381	-61.18924	100.84715	0.07514	-1.43018	176.03371	0.13828	-0.99729	0.06920	-0.02481	-0.06915	-0.99760	-0.00303	-0.02496	-0.00131	0.99969	
1231.61971	-61.20575	100.82743	0.08546	-1.49613	176.03529	0.13002	-0.99727	0.06918	-0.02594	-0.06912	-0.99760	-0.00329	-0.02611	-0.00149	0.99966	
1231.61757	-61.17787	100.82810	0.09687	-1.47099	176.05109	0.12931	-0.99730	0.06891	-0.02549	-0.06884	-0.99762	-0.00345	-0.02567	-0.00169	0.99967	
1231.61365	-61.18391	100.78825	0.05589	-1.59144	176.06393	0.11241	-0.99726	0.06867	-0.02764	-0.06862	-0.99764	-0.00288	-0.02777	-0.00098	0.99961	
1231.60358	-61.19727	100.80908	0.05471	-1.49852	176.06792	0.12816	-0.99730	0.06860	-0.02602	-0.06855	-0.99764	-0.00275	-0.02615	-0.00095	0.99966	
1231.61138	-61.20095	100.80422	0.07617	-1.47378	176.07297	0.11419	-0.99732	0.06852	-0.02557	-0.06846	-0.99765	-0.00309	-0.02572	-0.00133	0.99967	
1231.63787	-61.18285	100.82063	0.05504	-1.45069	176.04756	0.12841	-0.99730	0.06895	-0.02519	-0.06891	-0.99762	-0.00270	-0.02532	-0.00096	0.99968	
1231.60536	-61.21139	100.79850	0.04241	-1.51662	176.07515	0.12385	-0.99731	0.06847	-0.02635	-0.06842	-0.99765	-0.00255	-0.02647	-0.00074	0.99965	
1231.59536	-61.22489	100.78294	0.06949	-1.59287	176.07979	0.12029	-0.99727	0.06840	-0.02765	-0.06834	-0.99766	-0.00311	-0.02780	-0.00121	0.99961	
1231.60029	-61.22887	100.82172	0.06096	-1.54715	176.06537	0.14082	-0.99728	0.06865	-0.02686	-0.06859	-0.99764	-0.00291	-0.02700	-0.00106	0.99963	
1231.54701	-61.17229	100.92974	-0.00742	-1.28245	175.99741	0.22051	-0.99731	0.06980	-0.02234	-0.06978	-0.99756	-0.00143	-0.02238	0.00013	0.99975	
1231.62288	-61.16571	100.83934	0.08275	-1.46605	176.02174	0.13063	-0.99726	0.06941	-0.02542	-0.06936	-0.99759	-0.00322	-0.02558	-0.00144	0.99967	
1231.63020	-61.17706	100.83478	0.07877	-1.45362	176.04572	0.12672	-0.99730	0.06900	-0.02521	-0.06894	-0.99762	-0.00312	-0.02537	-0.00137	0.99968	
1231.61668	-61.17156	100.79894	0.07931	-1.46850	176.03732	0.13848	-0.99728	0.06914	-0.02547	-0.06908	-0.99761	-0.00315	-0.02563	-0.00138	0.99967	
1231.61808	-61.17660	100.82025	0.08963	-1.45573	176.03955	0.12137	-0.99729	0.06911	-0.02524	-0.06905	-0.99761	-0.00332	-0.02540	-0.00156	0.99968	
1231.62131	-61.19018	100.84882	0.08064	-1.42920	176.04715	0.12837	-0.99731	0.06897	-0.02479	-0.06891	-0.99762	-0.00312	-0.02494	-0.00141	0.99969	
1231.60286	-61.21866	100.81458	0.10374	-1.53218	176.05504	0.11951	-0.99727	0.06885	-0.02655	-0.06877	-0.99763	-0.00365	-0.02674	-0.00181	0.99964	
1231.60479	-61.19986	100.81025	0.08443	-1.61810	176.08018	0.11672	-0.99726	0.06840	-0.02807	-0.06833	-0.99766	-0.00340	-0.02824	-0.00147	0.99960	
1231.62903	-61.17206	100.84247	0.06880	-1.41189	176.02824	0.12390	-0.99730	0.06929	-0.02450	-0.06924	-0.99760	-0.00290	-0.02464	-0.00120	0.99970	
1231.64041	-61.16096	100.82396	0.04931	-1.42257	176.03403	0.13449	-0.99730	0.06919	-0.02471	-0.06914	-0.99760	-0.00258	-0.02483	-0.00086	0.99969	
1231.63394	-61.15805	100.81305	0.08523	-1.41861	176.03302	0.12025	-0.99730	0.06922	-0.02459	-0.06916	-0.99760	-0.00320	-0.02476	-0.00149	0.99969	
1231.61340	-61.16609	100.81238	0.06101	-1.44359	176.05188	0.13038	-0.99731	0.06888	-0.02506	-0.06883	-0.99762	-0.00280	-0.02519	-0.00106	0.99968	
1231.61539	-61.16942	100.80507	0.05927	-1.45404	176.04233	0.13959	-0.99729	0.06905	-0.02524	-0.06900	-0.99761	-0.00278	-0.02537	-0.00103	0.99968	
1231.61512	-61.18061	100.84593	0.05365	-1.40855	176.05067	0.13157	-0.99732	0.06890	-0.02446	-0.06885	-0.99762	-0.00263	-0.02458	-0.00094	0.99970	
1231.61797	-61.18125	100.83352	0.08877	-1.42674	176.03714	0.13716	-0.99730	0.06915	-0.02473	-0.06909	-0.99761	-0.00327	-0.02490	-0.00155	0.99969	
1231.60462	-61.20105	100.79765	0.05959	-1.49315	176.06586	0.13405	-0.99730	0.06864	-0.02592	-0.06859	-0.99764	-0.00283	-0.02606	-0.00104	0.99966	
1231.58672	-61.20971	100.77858	0.06186	-1.56809	176.08086	0.12458	-0.99729	0.06838	-0.02723	-0.06832	-0.99766	-0.00295	-0.02736	-0.00108	0.99962	
1231.60354	-61.18440	100.78423	0.06560	-1.46298	176.05653	0.12193	-0.99731	0.06880	-0.02539	-0.06875	-0.99763	-0.00290	-0.02553	-0.00114	0.99967	
1231.60679	-61.21964	100.80253	0.06563	-1.41232	176.09129	0.13434	-0.99737	0.06819	-0.02451	-0.06815	-0.99767	-0.00282	-0.02465	-0.00115	0.99970	
1231.61782	-61.17503	100.79492	0.10216	-1.42890	176.02943	0.12900	-0.99729	0.06929	-0.02475	-0.06922	-0.99760	-0.00351	-0.02494	-0.00178	0.99969	
1231.61067	-61.21348	100.79401	0.04264	-1.48672	176.06969	0.13395	-0.99731	0.06856	-0.02583	-0.06852	-0.99765	-0.00252	-0.02595	-0.00074	0.99966	
1231.56515	-61.19839	100.79182	0.07564	-1.50030	176.03598	0.11458	-0.99727	0.06916	-0.02603	-0.06911	-0.99760	-0.00313	-0.02618	-0.00132	0.99966	
1231.62329	-61.19206	100.79333	0.08038	-1.49281	176.12184	0.13448	-0.99737	0.06767	-0.02590	-0.06761	-0.99771	-0.00316	-0.02605	-0.00140	0.99966	
1231.60284	-61.14207	100.82378	0.15251	-1.44774	176.11903	0.13010	-0.99739	0.06775	-0.02503	-0.06766	-0.99770	-0.00437	-0.02527	-0.00266	0.99968	
1231.70868	-61.20576	100.74182	0.08290	-1.37315	176.09375	0.14249	-0.99739	0.06816	-0.02381	-0.06810	-0.99767	-0.00308	-0.02396	-0.00145	0.99971	
1231.84664	-61.16318	100.66252	-0.01463	-1.56757	175.97879	0.14231	-0.99716	0.07012	-0.02731	-0.07010	-0.99754	-0.00166	-0.02736	0.00026	0.99963	
1231.83323	-61.19545	100.63295	-0.00419	-1.68552	176.02219	0.12085	-0.99716	0.06937	-0.02935	-0.06934	-0.99759	-0.00197	-0.02941	0.00007	0.99957	
1231.84212	-61.21246	100.64935	-0.00716	-1.60397	176.02499	0.13157	-0.99720	0.06932	-0.02793	-0.06929	-0.99759	-0.00182	-0.02799	0.00012	0.99961	
1231.85488	-61.16018	100.64514	0.01522	-1.65402	175.97438	0.12400	-0.99712	0.07021	-0.02877	-0.07017	-0.99753	-0.00229	-0.02886	-0.00027	0.99958	
1231.84357	-61.21295	100.66074	-0.01559	-1.59109	176.01378	0.14442	-0.99720	0.06951	-0.02772	-0.06949	-0.99758	-0.00166	-0.02777	0.00027	0.99961	
1231.87476	-61.18677	100.69591	-0.01213	-1.55010	175.96631	0.14397	-0.99716	0.07034	-0.02700	-0.07032	-0.99752	-0.00169	-0.02705	0.00021	0.99963	
1231.85535	-61.17106	100.67728	-0.00274	-1.59772	175.95274	0.12328	-0.99712	0.07058	-0.02782	-0.07055	-0.99751	-0.00192	-0.02788	0.00005	0.99961	
1231.85790	-61.17242	100.68193	-0.00549	-1.57201	175.97388	0.14028	-0.99716	0.07021	-0.02737	-0.07019	-0.99753	-0.00183	-0.02743	0.00010	0.99962	
1231.86917	-61.18941	100.65286	0.00721	-1.58817	175.96654	0.12820	-0.99714	0.07034	-0.02764	-0.07031	-0.99752	-0.00207	-0.02772	-0.00013	0.99962	
1231.87449	-61.19410	100.65543	0.00403	-1.61165	175.97903	0.14268	-0.99714	0.07012	-0.02805	-0.07009	-0.99754	-0.00204	-0.02812	-0.00007	0.99960	
1231.85671	-61.20177	100.66035	0.01929	-1.67953	175.97224	0.11832	-0.99710	0.07025	-0.02921	-0.07021	-0.99753	-0.00239	-0.02931	-0.00034	0.99957	
1231.86763	-61.20964	100.66809	0.01331	-1.58822	175.96872	0.13927	-0.99714	0.07031	-0.02763	-0.07027	-0.99753	-0.00218	-0.02772	-0.00023	0.99962	
1231.84840	-61.21597	100.64052	-0.03317	-1.74835	176.01215	0.13103	-0.99711	0.06953	-0.03048	-0.06951	-0.99758	-0.00154	-0.03051	0.00058	0.99953	
1231.85588	-61.20612	100.64492	-0.03304	-1.67477	176.00208	0.14604	-0.99714	0.06970	-0.02920	-0.06969	-0.99757	-0.00146	-0.02923	0.00058	0.99957	
1231.86832	-61.17198	100.64169	0.00662	-1.63661	175.96823	0.11729	-0.99712	0.07031	-0.02848	-0.07028	-0.99752	-0.00212	-0.02856	-0.00012	0.99959	
1231.84567	-61.19887	100.63390	-0.02807	-1.67160	176.00056	0.13186	-0.99714	0.06973	-0.02913	-0.06972	-0.99757	-0.00155	-0.02917	0.00049	0.99957	
1231.86535	-61.22707	100.64663	0.00086	-1.62622	176.01381	0.12958	-0.99718	0.06952	-0.02831	-0.06949	-0.99758	-0.00199	-0.02838	-0.00001	0.99960	
1231.88239	-61.18257	100.67054	-0.00277	-1.63029	175.98630	0.14382	-0.99714	0.06999	-0.02838	-0.06997	-0.99755	-0.00194	-0.02845	0.00005	0.99960	
1231.87092	-61.18749	100.65377	-0.00205	-1.65786	175.97122	0.13083	-0.99711	0.07026	-0.02886	-0.07023	-0.99753	-0.00200	-0.02893	0.00004	0.99958	
1231.84205	-61.21838	100.64157	-0.00963	-1.69987	175.99374	0.12422	-0.99712	0.06986	-0.02960	-0.06983	-0.99756	-0.00190	-0.02966	0.00017	0.99956	
1231.86268	-61.21723	100.66733	0.00926	-1.66482	175.95422	0.14314	-0.99709	0.07056	-0.02897	-0.07052	-0.99751	-0.00221	-0.02905	-0.00016	0.99958	
1231.85135	-61.19522	100.68135	-0.02398	-1.51072	175.95667	0.14034	-0.99716	0.07050	-0.02633	-0.07049	-0.99751	-0.00144	-0.02636	0.00042	0.99965	
1231.85190	-61.17666	100.67515	0.01422	-1.64484	175.95778	0.13023	-0.99710	0.07050	-0.02862	-0.07046	-0.99751	-0.00227	-0.02870	-0.00025	0.99959	
1231.86525	-61.20648	100.63584	-0.01500	-1.70248	175.99916	0.14293	-0.99712	0.06976	-0.02966	-0.06974	-0.99756	-0.00181	-0.02971	0.00026	0.99956	
1231.87748	-61.19486	100.64860	0.00991	-1.62954	175.96707	0.14196	-0.99712	0.07033	-0.02835	-0.07030	-0.99752	-0.00217	-0.02844	-0.00017	0.99960	
1231.85923	-61.19754	100.62120	-0.00141	-1.70361	176.00725	0.12308	-0.99713	0.06963	-0.02966	-0.06960	-0.99757	-0.00205	-0.02973	0.00002	0.99956	
1231.87238	-61.17857	100.65976	0.00503	-1.66953	175.96335	0.12825	-0.99710	0.07040	-0.02906	-0.07036	-0.99752	-0.00214	-0.02913	-0.00009	0.99958	
1231.84148	-61.18900	100.64706	0.00440	-1.62096	176.00232	0.12682	-0.99717	0.06972	-0.02821	-0.06969	-0.99757	-0.00205	-0.02829	-0.00008	0.99960	
1231.86448	-61.15871	100.64575	-0.00836	-1.64487	175.97725	0.13536	-0.99713	0.07015	-0.02864	-0.07012	-0.99754	-0.00187	-0.02870	0.00015	0.99959	
1231.85786	-61.16763	100.68964	-0.01137	-1.61316	175.97379	0.12483	-0.99714	0.07021	-0.02810	-0.07019	-0.99753	-0.00178	-0.02815	0.00020	0.99960	
1231.85762	-61.17802	100.68259	-0.00684	-1.61101	175.98071	0.11720	-0.99715	0.07009	-0.02805	-0.07006	-0.99754	-0.00185	-0.02811	0.00012	0.99960	
1231.85202	-61.19715	100.68104	0.02725	-1.63152	175.95844	0.11439	-0.99711	0.07049	-0.02837	-0.07045	-0.99751	-0.00248	-0.02847	-0.00048	0.99959	
1231.82698	-61.22396	100.67031	-0.01511	-1.59248	176.01602	0.12791	-0.99720	0.06947	-0.02774	-0.06945	-0.99758	-0.00167	-0.02779	0.00026	0.99961	
1231.82960	-61.24274	100.70140	-0.04306	-1.63589	175.93185	0.16022	-0.99707	0.07092	-0.02853	-0.07091	-0.99748	-0.00128	-0.02855	0.00075	0.99959	
1231.79379	-61.22867	100.74159	-0.02574	-1.65126	175.86029	0.11402	-0.99698	0.07218	-0.02877	-0.07216	-0.99739	-0.00163	-0.02882	0.00045	0.99958	
1231.74838	-61.19256	100.73565	-0.01122	-1.71803	175.91606	0.15449	-0.99701	0.07121	-0.02992	-0.07119	-0.99746	-0.00194	-0.02998	0.00020	0.99955	
1231.73138	-61.21451	100.74361	0.00778	-1.74208	175.96417	0.15107	-0.99706	0.07038	-0.03032	-0.07035	-0.99752	-0.00228	-0.03040	-0.00014	0.99954	
1231.64544	-61.19158	100.74461	0.04044	-1.68341	176.01352	0.13241	-0.99715	0.06954	-0.02926	-0.06949	-0.99758	-0.00275	-0.02938	-0.00071	0.99957	
1231.63650	-61.22247	100.79779	0.03647	-1.54702	176.04633	0.12734	-0.99726	0.06897	-0.02689	-0.06892	-0.99762	-0.00250	-0.02700	-0.00064	0.99964	
1231.64810	-61.19956	100.82898	0.08181	-1.50278	176.02585	0.12905	-0.99725	0.06934	-0.02606	-0.06928	-0.99759	-0.00324	-0.02623	-0.00143	0.99966	
1231.65432	-61.17684	100.82881	0.05655	-1.42555	176.02242	0.14177	-0.99728	0.06939	-0.02475	-0.06934	-0.99759	-0.00271	-0.02488	-0.00099	0.99969	
1231.61462	-61.20428	100.79842	0.06293	-1.53232	176.07574	0.12512	-0.99730	0.06847	-0.02660	-0.06841	-0.99765	-0.00293	-0.02674	-0.00110	0.99964	
1231.60268	-61.18202	100.81234	0.08579	-1.50565	176.05406	0.11728	-0.99729	0.06885	-0.02611	-0.06879	-0.99763	-0.00330	-0.02628	-0.00150	0.99965	
1231.63461	-61.19111	100.82202	0.05290	-1.53042	176.06110	0.13374	-0.99728	0.06872	-0.02658	-0.06867	-0.99764	-0.00276	-0.02671	-0.00092	0.99964	
1231.65180	-61.18164	100.84425	0.07017	-1.42844	176.04456	0.14752	-0.99731	0.06901	-0.02478	-0.06896	-0.99762	-0.00294	-0.02493	-0.00122	0.99969	
1231.64521	-61.19546	100.83310	0.05259	-1.46490	176.07086	0.13336	-0.99732	0.06855	-0.02544	-0.06850	-0.99765	-0.00267	-0.02556	-0.00092	0.99967	
1231.64189	-61.16372	100.81113	0.07366	-1.45374	176.04501	0.13213	-0.99730	0.06901	-0.02522	-0.06895	-0.99762	-0.00303	-0.02537	-0.00129	0.99968	
1231.62757	-61.17270	100.81146	0.04352	-1.51721	176.07637	0.13338	-0.99731	0.06845	-0.02636	-0.06840	-0.99765	-0.00257	-0.02648	-0.00076	0.99965	
1231.63674	-61.15595	100.82557	0.05428	-1.47694	176.03452	0.12991	-0.99727	0.06918	-0.02565	-0.06913	-0.99760	-0.00273	-0.02577	-0.00095	0.99967	
1231.60865	-61.15766	100.79437	0.05348	-1.50797	176.07988	0.11889	-0.99731	0.06839	-0.02619	-0.06834	-0.99766	-0.00273	-0.02632	-0.00093	0.99965	
1231.60890	-61.18309	100.80308	0.07056	-1.40937	176.07092	0.11995	-0.99735	0.06855	-0.02445	-0.06850	-0.99765	-0.00291	-0.02460	-0.00123	0.99970	
1231.64194	-61.17698	100.82196	0.06990	-1.42136	176.05669	0.13627	-0.99733	0.06880	-0.02466	-0.06875	-0.99763	-0.00292	-0.02480	-0.00122	0.99969	
1231.62659	-61.16751	100.82714	0.07756	-1.40351	176.03709	0.11879	-0.99731	0.06914	-0.02434	-0.06909	-0.99761	-0.00304	-0.02449	-0.00135	0.99970	
1231.61180	-61.19113	100.80749	0.06650	-1.44511	176.05212	0.12411	-0.99731	0.06888	-0.02508	-0.06883	-0.99762	-0.00289	-0.02522	-0.00116	0.99968	
1231.62117	-61.16437	100.84538	0.07963	-1.41950	176.03227	0.11822	-0.99730	0.06923	-0.02462	-0.06917	-0.99760	-0.00310	-0.02477	-0.00139	0.99969	
1231.63503	-61.16299	100.83229	0.06272	-1.43253	176.03761	0.12494	-0.99730	0.06913	-0.02486	-0.06908	-0.99761	-0.00282	-0.02500	-0.00109	0.99969	
1231.63056	-61.14829	100.83177	0.07615	-1.36970	176.02180	0.12984	-0.99731	0.06941	-0.02375	-0.06936	-0.99759	-0.00298	-0.02390	-0.00133	0.99971	
1231.64311	-61.13365	100.81771	0.05872	-1.40853	176.02971	0.11383	-0.99730	0.06926	-0.02445	-0.06922	-0.99760	-0.00272	-0.02458	-0.00102	0.99970	
1231.66724	-61.14640	100.79760	0.05847	-1.43209	176.04834	0.13379	-0.99731	0.06894	-0.02486	-0.06889	-0.99762	-0.00274	-0.02499	-0.00102	0.99969	
1231.64870	-61.14690	100.80943	0.05667	-1.43330	176.03490	0.12598	-0.99729	0.06917	-0.02488	-0.06913	-0.99760	-0.00272	-0.02501	-0.00099	0.99969	
1231.64187	-61.12684	100.80351	0.05291	-1.42487	176.03629	0.13081	-0.99730	0.06915	-0.02474	-0.06910	-0.99761	-0.00264	-0.02487	-0.00092	0.99969	
1231.64061	-61.13731	100.79634	0.06219	-1.41560	176.02020	0.12233	-0.99728	0.06943	-0.02457	-0.06938	-0.99759	-0.00280	-0.02470	-0.00109	0.99969	
1231.57283	-61.19447	100.79459	0.05471	-1.53930	176.08250	0.11351	-0.99730	0.06835	-0.02673	-0.06830	-0.99766	-0.00279	-0.02686	-0.00095	0.99964	
1231.58172	-61.12164	100.78325	-0.00278	-1.26389	176.07181	0.15433	-0.99741	0.06851	-0.02201	-0.06849	-0.99765	-0.00146	-0.02206	0.00005	0.99976	
1231.56235	-61.18067	100.80023	0.03467	-1.57224	176.04984	0.11479	-0.99725	0.06891	-0.02733	-0.06886	-0.99762	-0.00249	-0.02744	-0.00060	0.99962	
1231.33170	-61.23253	100.78709	-0.00656	-1.41584	176.09489	0.23795	-0.99737	0.06810	-0.02466	-0.06808	-0.99768	-0.00157	-0.02471	0.00011	0.99969	
1231.75753	-61.17538	100.86008	0.05890	-1.48557	176.10683	0.21326	-0.99736	0.06792	-0.02580	-0.06787	-0.99769	-0.00279	-0.02593	-0.00103	0.99966	
1231.73464	-61.18795	100.85614	0.04939	-1.65572	176.13870	0.22742	-0.99731	0.06737	-0.02877	-0.06731	-0.99773	-0.00281	-0.02889	-0.00086	0.99958	
1231.60981	-61.24202	100.91704	0.03793	-1.40416	176.09645	0.16878	-0.99738	0.06809	-0.02440	-0.06806	-0.99768	-0.00233	-0.02450	-0.00066	0.99970	
1231.74692	-61.20788	100.85630	0.00289	-1.48322	176.12021	0.24203	-0.99737	0.06766	-0.02582	-0.06764	-0.99771	-0.00180	-0.02588	-0.00005	0.99966	
1231.76768	-61.18465	100.86338	-0.02559	-1.61444	176.13951	0.24043	-0.99733	0.06731	-0.02814	-0.06730	-0.99773	-0.00145	-0.02817	0.00045	0.99960	
1231.79375	-61.17861	100.87183	0.06244	-1.51672	176.09412	0.22895	-0.99733	0.06815	-0.02633	-0.06809	-0.99767	-0.00289	-0.02647	-0.00109	0.99965	
1231.75630	-61.20584	100.84978	0.01075	-1.55656	176.15642	0.23912	-0.99738	0.06704	-0.02709	-0.06701	-0.99775	-0.00201	-0.02716	-0.00019	0.99963	
1231.77548	-61.18344	100.88276	0.01973	-1.46905	176.09001	0.23752	-0.99734	0.06820	-0.02555	-0.06817	-0.99767	-0.00209	-0.02564	-0.00034	0.99967	
1231.80713	-61.16021	100.86882	0.03689	-1.52648	176.06728	0.22404	-0.99729	0.06860	-0.02653	-0.06856	-0.99764	-0.00247	-0.02664	-0.00064	0.99964	
1231.79376	-61.14624	100.85582	0.02729	-1.54489	176.07751	0.24393	-0.99729	0.06842	-0.02686	-0.06838	-0.99766	-0.00232	-0.02696	-0.00048	0.99964	
1231.75511	-61.23999	100.86579	0.04350	-1.50539	176.13042	0.22629	-0.99738	0.06751	-0.02616	-0.06746	-0.99772	-0.00253	-0.02627	-0.00076	0.99965	
1231.74459	-61.18482	100.89622	0.02311	-1.58225	176.13701	0.24987	-0.99735	0.06738	-0.02752	-0.06734	-0.99773	-0.00226	-0.02761	-0.00040	0.99962	
1231.75021	-61.19250	100.87379	0.01694	-1.62539	176.13760	0.23892	-0.99733	0.06737	-0.02828	-0.06733	-0.99773	-0.00221	-0.02836	-0.00030	0.99960	
1231.73646	-61.20305	100.85039	0.01108	-1.60468	176.16202	0.24347	-0.99737	0.06694	-0.02793	-0.06691	-0.99776	-0.00207	-0.02800	-0.00019	0.99961	
1231.76493	-61.17673	100.83782	-0.02346	-1.59781	176.10770	0.23826	-0.99731	0.06787	-0.02785	-0.06785	-0.99769	-0.00148	-0.02788	0.00041	0.99961	
1231.73186	-61.21109	100.84607	0.04123	-1.63857	176.15883	0.22707	-0.99735	0.06701	-0.02848	-0.06696	-0.99775	-0.00263	-0.02859	-0.00072	0.99959	
1231.79947	-61.18482	100.88028	0.02599	-1.54754	176.07108	0.23581	-0.99729	0.06853	-0.02691	-0.06849	-0.99765	-0.00230	-0.02701	-0.00045	0.99964	
1231.76793	-61.20675	100.87124	0.01819	-1.58074	176.15120	0.23541	-0.99736	0.06713	-0.02750	-0.06710	-0.99774	-0.00217	-0.02759	-0.00032	0.99962	
1231.80015	-61.17637	100.86758	0.00243	-1.52837	176.06277	0.24306	-0.99728	0.06866	-0.02661	-0.06864	-0.99764	-0.00187	-0.02667	-0.00004	0.99964	
1231.75133	-61.21305	100.86338	-0.03558	-1.60532	176.16348	0.24362	-0.99737	0.06689	-0.02799	-0.06688	-0.99776	-0.00125	-0.02801	0.00062	0.99961	
1231.80827	-61.15856	100.86162	0.05883	-1.60770	176.07437	0.21241	-0.99726	0.06849	-0.02792	-0.06843	-0.99765	-0.00295	-0.02806	-0.00103	0.99961	
1231.83915	-61.16827	100.87980	0.00443	-1.54409	176.06946	0.23840	-0.99729	0.06855	-0.02688	-0.06852	-0.99765	-0.00192	-0.02695	-0.00008	0.99964	
1231.80339	-61.17322	100.89861	0.02324	-1.57435	176.07869	0.23290	-0.99728	0.06840	-0.02738	-0.06836	-0.99766	-0.00228	-0.02747	-0.00041	0.99962	
1231.79335	-61.17698	100.90396	0.02674	-1.51875	176.09570	0.23726	-0.99733	0.06810	-0.02641	-0.06807	-0.99768	-0.00227	-0.02650	-0.00047	0.99965	
1231.75318	-61.16139	100.87657	0.04766	-1.54738	176.08273	0.24161	-0.99730	0.06834	-0.02688	-0.06829	-0.99766	-0.00267	-0.02700	-0.00083	0.99963	
1231.77475	-61.21067	100.83984	0.01797	-1.61066	176.13348	0.23181	-0.99733	0.06744	-0.02802	-0.06741	-0.99772	-0.00221	-0.02811	-0.00031	0.99960	
1231.79409	-61.15398	100.85471	0.05051	-1.50404	176.08438	0.22967	-0.99732	0.06831	-0.02613	-0.06826	-0.99766	-0.00267	-0.02625	-0.00088	0.99966	
1231.82502	-61.14798	100.87201	0.02181	-1.54060	176.05499	0.22425	-0.99727	0.06881	-0.02680	-0.06877	-0.99763	-0.00223	-0.02689	-0.00038	0.99964	
1231.81978	-61.16394	100.88990	0.06688	-1.66538	176.07707	0.23479	-0.99724	0.06845	-0.02891	-0.06839	-0.99765	-0.00315	-0.02906	-0.00117	0.99958	
1231.80839	-61.16218	100.84806	0.00371	-1.53931	176.07155	0.22055	-0.99729	0.06851	-0.02680	-0.06849	-0.99765	-0.00191	-0.02686	-0.00006	0.99964	
1231.80828	-61.17622	100.85094	0.01757	-1.64557	176.05447	0.24762	-0.99722	0.06882	-0.02863	-0.06878	-0.99763	-0.00228	-0.02872	-0.00031	0.99959	
1231.81240	-61.14557	100.88985	0.01630	-1.54295	176.07285	0.25048	-0.99729	0.06850	-0.02684	-0.06846	-0.99765	-0.00213	-0.02693	-0.00028	0.99964	
1231.82083	-61.15660	100.86255	0.02021	-1.51176	176.06163	0.24963	-0.99729	0.06869	-0.02630	-0.06866	-0.99764	-0.00216	-0.02638	-0.00035	0.99965	
1231.81794	-61.14438	100.86371	0.04040	-1.54624	176.07373	0.23450	-0.99729	0.06849	-0.02687	-0.06845	-0.99765	-0.00255	-0.02698	-0.00070	0.99964	
1231.84688	-61.12028	100.83380	-0.08935	-1.20440	176.06622	0.27403	-0.99742	0.06857	-0.02108	-0.06859	-0.99765	0.00011	-0.02102	0.00156	0.99978	
1231.82129	-61.15740	100.88389	0.01429	-1.44144	176.05734	0.24618	-0.99732	0.06876	-0.02508	-0.06874	-0.99763	-0.00198	-0.02516	-0.00025	0.99968	
1231.77811	-61.17749	100.81123	-0.00964	-1.56132	176.10806	0.23687	-0.99732	0.06787	-0.02720	-0.06785	-0.99769	-0.00168	-0.02725	0.00017	0.99963	
1231.81001	-61.13440	100.83839	-0.00194	-1.61693	176.09737	0.23927	-0.99728	0.06806	-0.02815	-0.06803	-0.99768	-0.00189	-0.02822	0.00003	0.99960	
1232.00799	-61.10262	100.85752	0.03970	-1.40943	176.40878	0.18497	-0.99773	0.06265	-0.02451	-0.06262	-0.99804	-0.00223	-0.02460	-0.00069	0.99970	
1231.77919	-61.17378	100.83166	-0.00475	-1.56430	176.14894	0.21606	-0.99737	0.06716	-0.02724	-0.06714	-0.99774	-0.00175	-0.02730	0.00008	0.99963	
1231.61989	-61.18715	100.81105	0.04563	-1.39436	176.07632	0.12166	-0.99736	0.06845	-0.02422	-0.06841	-0.99765	-0.00246	-0.02433	-0.00080	0.99970	
1231.64525	-61.16000	100.84228	0.06087	-1.42889	176.05920	0.11808	-0.99733	0.06875	-0.02480	-0.06870	-0.99763	-0.00277	-0.02494	-0.00106	0.99969	
1231.61918	-61.20562	100.82450	0.05581	-1.49280	176.07135	0.12996	-0.99731	0.06854	-0.02592	-0.06849	-0.99765	-0.00276	-0.02605	-0.00097	0.99966	
1231.63268	-61.17596	100.83138	0.05838	-1.47336	176.03502	0.13585	-0.99728	0.06917	-0.02558	-0.06912	-0.99760	-0.00279	-0.02571	-0.00102	0.99967	
1231.62305	-61.18386	100.82364	0.07136	-1.51001	176.05157	0.13382	-0.99728	0.06889	-0.02620	-0.06883	-0.99762	-0.00306	-0.02635	-0.00125	0.99965	
1231.62558	-61.14823	100.81714	0.06636	-1.43017	176.03441	0.12743	-0.99730	0.06919	-0.02482	-0.06914	-0.99760	-0.00288	-0.02496	-0.00116	0.99969	
1231.62239	-61.19018	100.78350	0.04534	-1.54753	176.08058	0.12061	-0.99730	0.06837	-0.02689	-0.06833	-0.99766	-0.00264	-0.02701	-0.00079	0.99963	
1231.64153	-61.15638	100.80372	0.05186	-1.42357	176.03500	0.14350	-0.99730	0.06917	-0.02472	-0.06913	-0.99760	-0.00262	-0.02484	-0.00090	0.99969	
1231.63927	-61.17225	100.80546	0.05765	-1.52892	176.06729	0.12866	-0.99729	0.06861	-0.02655	-0.06856	-0.99764	-0.00283	-0.02668	-0.00101	0.99964	
1231.61631	-61.16961	100.81216	0.03676	-1.52186	176.06476	0.12046	-0.99729	0.06865	-0.02645	-0.06860	-0.99764	-0.00246	-0.02656	-0.00064	0.99965	
1231.59732	-61.19186	100.79772	0.05163	-1.45909	176.07729	0.10318	-0.99733	0.06843	-0.02534	-0.06839	-0.99766	-0.00264	-0.02546	-0.00090	0.99968	
1231.59396	-61.21934	100.80790	0.03359	-1.48798	176.09009	0.11480	-0.99734	0.06820	-0.02587	-0.06816	-0.99767	-0.00236	-0.02597	-0.00059	0.99966	
1231.60664	-61.21109	100.81788	0.06206	-1.38829	176.04420	0.09468	-0.99732	0.06901	-0.02410	-0.06897	-0.99762	-0.00275	-0.02423	-0.00108	0.99971	
1231.58908	-61.21045	100.80428	0.05719	-1.49013	176.07770	0.11931	-0.99732	0.06843	-0.02588	-0.06838	-0.99766	-0.00277	-0.02600	-0.00100	0.99966	
1231.57956	-61.25888	100.79094	0.06295	-1.50518	176.07614	0.11906	-0.99731	0.06846	-0.02613	-0.06841	-0.99765	-0.00289	-0.02627	-0.00110	0.99965	
1231.58749	-61.22487	100.83181	0.06290	-1.35996	176.05112	0.11867	-0.99734	0.06889	-0.02360	-0.06885	-0.99762	-0.00273	-0.02373	-0.00110	0.99972	
1231.57305	-61.23235	100.79291	0.05573	-1.53267	176.08829	0.12283	-0.99731	0.06825	-0.02662	-0.06819	-0.99767	-0.00279	-0.02675	-0.00097	0.99964	
1231.57013	-61.20625	100.82135	0.06707	-1.45013	176.04134	0.11898	-0.99729	0.06907	-0.02517	-0.06901	-0.99761	-0.00291	-0.02531	-0.00117	0.99968	
1231.58166	-61.22228	100.83660	0.07441	-1.45157	176.06639	0.12329	-0.99732	0.06863	-0.02518	-0.06858	-0.99764	-0.00303	-0.02533	-0.00130	0.99968	
1231.56769	-61.26267	100.80797	0.06422	-1.49451	176.08897	0.09162	-0.99733	0.06824	-0.02594	-0.06818	-0.99767	-0.00290	-0.02608	-0.00112	0.99966	
1231.59638	-61.21414	100.81468	0.09275	-1.43774	176.06483	0.12722	-0.99733	0.06867	-0.02492	-0.06861	-0.99764	-0.00334	-0.02509	-0.00162	0.99968	
1231.60239	-61.21356	100.79745	0.08208	-1.38279	176.04739	0.10448	-0.99733	0.06897	-0.02398	-0.06891	-0.99762	-0.00309	-0.02413	-0.00143	0.99971	
1231.60072	-61.19252	100.81786	0.06180	-1.41890	176.04015	0.11879	-0.99731	0.06908	-0.02463	-0.06904	-0.99761	-0.00279	-0.02476	-0.00108	0.99969	
1231.59806	-61.20223	100.82263	0.02695	-1.45030	176.07463	0.12910	-0.99733	0.06847	-0.02522	-0.06844	-0.99765	-0.00220	-0.02531	-0.00047	0.99968	
1231.58930	-61.19543	100.82001	0.07482	-1.33195	176.06059	0.11004	-0.99737	0.06873	-0.02310	-0.06868	-0.99763	-0.00290	-0.02324	-0.00131	0.99973	
1231.58968	-61.24067	100.83111	0.04512	-1.43899	176.09976	0.09924	-0.99737	0.06804	-0.02500	-0.06800	-0.99768	-0.00249	-0.02511	-0.00079	0.99968	
1231.58802	-61.20952	100.81571	0.07847	-1.43426	176.06123	0.11365	-0.99733	0.06872	-0.02488	-0.06867	-0.99763	-0.00309	-0.02503	-0.00137	0.99969	
1231.59287	-61.21731	100.82639	0.05703	-1.39431	176.05228	0.10556	-0.99733	0.06887	-0.02421	-0.06883	-0.99763	-0.00267	-0.02433	-0.00100	0.99970	
1231.58309	-61.19190	100.80379	0.07945	-1.40166	176.04649	0.11259	-0.99732	0.06898	-0.02431	-0.06893	-0.99762	-0.00307	-0.02446	-0.00139	0.99970	
1231.57144	-61.24144	100.82373	0.03247	-1.43282	176.10225	0.12112	-0.99738	0.06799	-0.02491	-0.06795	-0.99769	-0.00227	-0.02500	-0.00057	0.99969	
1231.58376	-61.19970	100.82092	0.06498	-1.40879	176.05089	0.12285	-0.99732	0.06890	-0.02445	-0.06885	-0.99762	-0.00282	-0.02459	-0.00113	0.99970	
1231.57204	-61.20547	100.84103	0.05155	-1.37814	176.06485	0.12340	-0.99735	0.06865	-0.02393	-0.06861	-0.99764	-0.00255	-0.02405	-0.00090	0.99971	
1231.57548	-61.18507	100.80085	0.06504	-1.39158	176.04886	0.10254	-0.99733	0.06893	-0.02415	-0.06889	-0.99762	-0.00281	-0.02429	-0.00113	0.99970	
1231.56765	-61.23504	100.77821	0.05791	-1.54770	176.08635	0.09879	-0.99730	0.06828	-0.02688	-0.06823	-0.99767	-0.00285	-0.02701	-0.00101	0.99963	
1231.58686	-61.21823	100.84286	0.06588	-1.36992	176.06053	0.12464	-0.99735	0.06873	-0.02377	-0.06868	-0.99763	-0.00279	-0.02391	-0.00115	0.99971	
1231.57700	-61.21698	100.82865	0.05128	-1.45170	176.07941	0.09626	-0.99734	0.06840	-0.02521	-0.06835	-0.99766	-0.00263	-0.02533	-0.00089	0.99968	
1231.57007	-61.22018	100.81370	0.03619	-1.45993	176.07974	0.13073	-0.99734	0.06838	-0.02538	-0.06835	-0.99766	-0.00237	-0.02548	-0.00063	0.99968	
1231.58021	-61.18594	100.84050	0.07398	-1.35543	176.05019	0.10912	-0.99735	0.06891	-0.02351	-0.06886	-0.99762	-0.00292	-0.02365	-0.00129	0.99972	
1231.58404	-61.23786	100.80824	0.04613	-1.44183	176.08774	0.11702	-0.99735	0.06825	-0.02505	-0.06821	-0.99767	-0.00252	-0.02516	-0.00080	0.99968	
1231.60040	-61.18941	100.83473	0.07280	-1.33982	176.05258	0.11200	-0.99735	0.06887	-0.02324	-0.06882	-0.99762	-0.00288	-0.02338	-0.00127	0.99973	
1231.59223	-61.20246	100.80604	0.08365	-1.42571	176.05460	0.13047	-0.99732	0.06884	-0.02472	-0.06878	-0.99763	-0.00317	-0.02488	-0.00146	0.99969	
1231.58229	-61.23543	100.82394	0.03764	-1.44179	176.08936	0.10572	-0.99736	0.06822	-0.02506	-0.06818	-0.99767	-0.00237	-0.02516	-0.00066	0.99968	
1231.58419	-61.20088	100.81926	0.03633	-1.42909	176.04962	0.10932	-0.99731	0.06891	-0.02484	-0.06887	-0.99762	-0.00235	-0.02494	-0.00063	0.99969	
1231.57422	-61.24342	100.82417	0.04413	-1.47356	176.09154	0.11761	-0.99734	0.06818	-0.02560	-0.06814	-0.99767	-0.00252	-0.02572	-0.00077	0.99967	
1231.56604	-61.23981	100.80614	0.06131	-1.51487	176.10669	0.11504	-0.99734	0.06793	-0.02630	-0.06788	-0.99769	-0.00286	-0.02644	-0.00107	0.99965	
1231.59098	-61.22030	100.81608	0.06615	-1.39077	176.04576	0.10842	-0.99733	0.06899	-0.02413	-0.06894	-0.99762	-0.00283	-0.02427	-0.00115	0.99970	
1231.56750	-61.23639	100.80697	0.03679	-1.44097	176.09271	0.10854	-0.99736	0.06816	-0.02504	-0.06812	-0.99767	-0.00235	-0.02515	-0.00064	0.99968	
1231.57060	-61.21419	100.81454	0.03471	-1.47072	176.07011	0.11284	-0.99732	0.06855	-0.02556	-0.06851	-0.99765	-0.00236	-0.02567	-0.00061	0.99967	
1231.57886	-61.20820	100.79470	0.07127	-1.41671	176.05583	0.12280	-0.99733	0.06882	-0.02458	-0.06876	-0.99763	-0.00294	-0.02472	-0.00124	0.99969	
1231.62208	-61.17537	100.84082	0.05218	-1.41993	176.04282	0.12316	-0.99731	0.06903	-0.02466	-0.06899	-0.99761	-0.00262	-0.02478	-0.00091	0.99969	
1231.61943	-61.18366	100.86907	0.04912	-1.43480	176.04504	0.11650	-0.99731	0.06899	-0.02492	-0.06895	-0.99762	-0.00258	-0.02504	-0.00086	0.99969	
1231.61038	-61.20507	100.84052	0.06009	-1.44658	176.05533	0.14939	-0.99731	0.06882	-0.02511	-0.06877	-0.99763	-0.00278	-0.02524	-0.00105	0.99968	
1231.60986	-61.17676	100.82582	0.07920	-1.47853	176.04289	0.12416	-0.99728	0.06905	-0.02565	-0.06899	-0.99761	-0.00316	-0.02580	-0.00138	0.99967	
1231.61403	-61.16978	100.81364	0.09872	-1.47395	176.03215	0.12029	-0.99727	0.06924	-0.02554	-0.06917	-0.99760	-0.00350	-0.02572	-0.00172	0.99967	
1231.59720	-61.20311	100.81629	0.07991	-1.50121	176.07356	0.13042	-0.99731	0.06851	-0.02604	-0.06845	-0.99765	-0.00319	-0.02620	-0.00139	0.99966	
1231.59840	-61.20397	100.84280	0.07944	-1.53055	176.07202	0.11621	-0.99730	0.06854	-0.02655	-0.06848	-0.99765	-0.00321	-0.02671	-0.00139	0.99964	
1231.60495	-61.21449	100.84711	0.12383	-1.58804	176.06662	0.13569	-0.99726	0.06866	-0.02750	-0.06857	-0.99764	-0.00406	-0.02771	-0.00216	0.99961	
1231.58922	-61.21279	100.83760	0.10867	-1.63512	176.07092	0.15306	-0.99724	0.06858	-0.02834	-0.06849	-0.99764	-0.00385	-0.02853	-0.00190	0.99959	
1231.59136	-61.18741	100.89443	0.12006	-1.52642	176.05383	0.15440	-0.99728	0.06887	-0.02643	-0.06879	-0.99762	-0.00392	-0.02664	-0.00209	0.99964	
1231.59133	-61.16368	100.87037	0.11900	-1.55223	176.03616	0.13638	-0.99724	0.06918	-0.02688	-0.06910	-0.99760	-0.00394	-0.02709	-0.00208	0.99963	
1231.58106	-61.16506	100.88124	0.12537	-1.57866	176.05179	0.13541	-0.99725	0.06891	-0.02733	-0.06883	-0.99762	-0.00408	-0.02755	-0.00219	0.99962	
1231.58153	-61.16366	100.88072	0.10405	-1.57771	176.03842	0.15138	-0.99723	0.06914	-0.02734	-0.06906	-0.99761	-0.00371	-0.02753	-0.00182	0.99962	
1231.59076	-61.18907	100.87798	0.13111	-1.59541	176.03618	0.12236	-0.99722	0.06919	-0.02762	-0.06910	-0.99760	-0.00421	-0.02784	-0.00229	0.99961	
1231.57387	-61.18791	100.87700	0.14005	-1.55692	176.03886	0.14813	-0.99724	0.06915	-0.02694	-0.06905	-0.99760	-0.00432	-0.02717	-0.00244	0.99963	
1231.54484	-61.19785	100.88961	0.11845	-1.56588	176.04735	0.14336	-0.99725	0.06899	-0.02712	-0.06891	-0.99762	-0.00395	-0.02733	-0.00207	0.99962	
1231.53079	-61.20933	100.87652	0.12736	-1.54089	176.03647	0.14155	-0.99725	0.06918	-0.02667	-0.06910	-0.99760	-0.00408	-0.02689	-0.00222	0.99964	
1231.52313	-61.20652	100.86373	0.11161	-1.60514	176.04594	0.13582	-0.99723	0.06901	-0.02781	-0.06893	-0.99761	-0.00387	-0.02801	-0.00195	0.99961	
