0.000	0.000	0.000	0.000	0.000	0.000	0.000	0.000	0.000	0.000	0.000	0.000	0.000	0.000	0.000	0.000	
0.000	0.000	0.000	0.000	0.000	0.000	0.000	0.000	0.000	0.000	0.000	0.000	0.000	0.000	0.000	0.000	
0.000	0.000	0.000	0.000	0.000	0.000	0.000	0.000	0.000	0.000	0.000	0.000	0.000	0.000	0.000	0.000	
-528.36550	-146.59290	-76.26364	0.07730	3.59085	15.40140	2.39389	0.96220	0.26566	-0.06002	-0.26506	0.96407	0.01793	0.06263	-0.00135	0.99804	
-528.36951	-146.59152	-76.27197	0.07583	3.61823	15.40264	2.40386	0.96216	0.26568	-0.06049	-0.26507	0.96406	0.01804	0.06311	-0.00132	0.99801	
-528.36316	-146.58512	-76.27459	0.07754	3.60747	15.40374	2.40269	0.96217	0.26570	-0.06030	-0.26509	0.96405	0.01802	0.06292	-0.00135	0.99802	
-528.36920	-146.58166	-76.29898	0.06914	3.62373	15.40655	2.40985	0.96214	0.26574	-0.06061	-0.26514	0.96404	0.01795	0.06320	-0.00120	0.99800	
-528.37877	-146.56691	-76.27947	0.06726	3.59657	15.40678	2.41306	0.96217	0.26574	-0.06016	-0.26515	0.96404	0.01780	0.06273	-0.00117	0.99803	
-524.60137	-146.04271	-74.92620	-1.29182	9.84806	16.55601	3.09607	0.94442	0.28118	-0.17033	-0.28075	0.95940	0.02711	0.17104	0.02221	0.98501	
-524.60553	-146.04580	-74.93695	-1.29302	9.87162	16.54716	3.08654	0.94439	0.28102	-0.17073	-0.28059	0.95944	0.02718	0.17144	0.02223	0.98494	
0.000	0.000	0.000	0.000	0.000	0.000	0.000	0.000	0.000	0.000	0.000	0.000	0.000	0.000	0.000	0.000	
0.000	0.000	0.000	0.000	0.000	0.000	0.000	0.000	0.000	0.000	0.000	0.000	0.000	0.000	0.000	0.000	
0.000	0.000	0.000	0.000	0.000	0.000	0.000	0.000	0.000	0.000	0.000	0.000	0.000	0.000	0.000	0.000	
-527.91669	-147.82804	-76.60066	-0.16035	3.07284	13.86981	0.41351	0.96945	0.23957	-0.05271	-0.23937	0.97088	0.01013	0.05361	0.00279	0.99856	
-527.95098	-147.81364	-76.62730	-0.15970	3.09518	13.86022	0.41695	0.96947	0.23941	-0.05309	-0.23920	0.97092	0.01023	0.05399	0.00278	0.99854	
-527.99675	-147.79940	-76.64361	-0.15790	3.07309	13.86067	0.41850	0.96948	0.23942	-0.05271	-0.23922	0.97091	0.01017	0.05361	0.00275	0.99856	
-528.02206	-147.78116	-76.65427	-0.15432	3.07921	13.86189	0.41605	0.96947	0.23944	-0.05280	-0.23924	0.97091	0.01025	0.05372	0.00269	0.99855	
-528.05407	-147.77202	-76.68241	-0.16549	3.08227	13.85902	0.41894	0.96948	0.23938	-0.05290	-0.23919	0.97092	0.01008	0.05377	0.00288	0.99855	
-528.08498	-147.74741	-76.69423	-0.15869	3.07707	13.86375	0.41562	0.96947	0.23947	-0.05278	-0.23927	0.97090	0.01017	0.05368	0.00277	0.99855	
-528.10887	-147.73631	-76.70762	-0.16256	3.07512	13.86111	0.41123	0.96948	0.23942	-0.05276	-0.23922	0.97091	0.01010	0.05365	0.00283	0.99856	
-528.13487	-147.73243	-76.71731	-0.16412	3.07893	13.86047	0.41397	0.96948	0.23941	-0.05283	-0.23921	0.97091	0.01009	0.05371	0.00286	0.99855	
-528.14906	-147.73438	-76.73068	-0.15952	3.08128	13.85686	0.42263	0.96949	0.23935	-0.05285	-0.23915	0.97093	0.01017	0.05375	0.00278	0.99855	
-528.16371	-147.73487	-76.73413	-0.16246	3.08296	13.85288	0.41998	0.96951	0.23928	-0.05290	-0.23908	0.97095	0.01012	0.05378	0.00283	0.99855	
-528.16913	-147.74405	-76.74039	-0.15547	3.08940	13.85352	0.42080	0.96950	0.23930	-0.05298	-0.23909	0.97094	0.01027	0.05389	0.00271	0.99854	
-528.17972	-147.72920	-76.73737	-0.15299	3.09404	13.85212	0.41037	0.96950	0.23928	-0.05304	-0.23907	0.97095	0.01033	0.05397	0.00267	0.99854	
-528.19232	-147.72555	-76.74157	-0.14725	3.07101	13.85653	0.41882	0.96950	0.23936	-0.05263	-0.23915	0.97093	0.01034	0.05357	0.00257	0.99856	
-528.19714	-147.72245	-76.73704	-0.15171	3.07658	13.85080	0.41669	0.96952	0.23926	-0.05274	-0.23905	0.97095	0.01028	0.05367	0.00264	0.99856	
-528.20614	-147.72039	-76.74197	-0.14691	3.06701	13.84994	0.41418	0.96954	0.23925	-0.05256	-0.23904	0.97096	0.01032	0.05350	0.00256	0.99856	
-528.22629	-147.70186	-76.73793	-0.14885	3.07490	13.85018	0.41443	0.96953	0.23925	-0.05270	-0.23904	0.97096	0.01032	0.05364	0.00259	0.99856	
-528.22802	-147.70842	-76.75042	-0.15155	3.07495	13.85362	0.41798	0.96951	0.23930	-0.05271	-0.23910	0.97094	0.01028	0.05364	0.00264	0.99856	
-528.24510	-147.69389	-76.75968	-0.15639	3.08237	13.85014	0.41423	0.96952	0.23924	-0.05286	-0.23904	0.97096	0.01022	0.05377	0.00273	0.99855	
-528.26481	-147.68911	-76.77847	-0.15398	3.07330	13.85348	0.41811	0.96951	0.23930	-0.05270	-0.23910	0.97094	0.01023	0.05361	0.00268	0.99856	
-528.27450	-147.67735	-76.77743	-0.15202	3.09339	13.85260	0.41389	0.96950	0.23929	-0.05303	-0.23908	0.97095	0.01034	0.05396	0.00265	0.99854	
-528.29116	-147.67531	-76.78613	-0.15824	3.08780	13.85330	0.41460	0.96950	0.23929	-0.05296	-0.23909	0.97094	0.01022	0.05387	0.00276	0.99854	
-528.29697	-147.67826	-76.78747	-0.15233	3.07343	13.85536	0.42056	0.96951	0.23933	-0.05269	-0.23913	0.97093	0.01026	0.05362	0.00265	0.99856	
-528.28728	-147.67400	-76.77544	-0.15407	3.09303	13.84984	0.41522	0.96951	0.23924	-0.05303	-0.23903	0.97096	0.01031	0.05396	0.00269	0.99854	
0.000	0.000	0.000	0.000	0.000	0.000	0.000	0.000	0.000	0.000	0.000	0.000	0.000	0.000	0.000	0.000	
0.000	0.000	0.000	0.000	0.000	0.000	0.000	0.000	0.000	0.000	0.000	0.000	0.000	0.000	0.000	0.000	
0.000	0.000	0.000	0.000	0.000	0.000	0.000	0.000	0.000	0.000	0.000	0.000	0.000	0.000	0.000	0.000	
0.000	0.000	0.000	0.000	0.000	0.000	0.000	0.000	0.000	0.000	0.000	0.000	0.000	0.000	0.000	0.000	
0.000	0.000	0.000	0.000	0.000	0.000	0.000	0.000	0.000	0.000	0.000	0.000	0.000	0.000	0.000	0.000	
0.000	0.000	0.000	0.000	0.000	0.000	0.000	0.000	0.000	0.000	0.000	0.000	0.000	0.000	0.000	0.000	
0.000	0.000	0.000	0.000	0.000	0.000	0.000	0.000	0.000	0.000	0.000	0.000	0.000	0.000	0.000	0.000	
0.000	0.000	0.000	0.000	0.000	0.000	0.000	0.000	0.000	0.000	0.000	0.000	0.000	0.000	0.000	0.000	
0.000	0.000	0.000	0.000	0.000	0.000	0.000	0.000	0.000	0.000	0.000	0.000	0.000	0.000	0.000	0.000	
0.000	0.000	0.000	0.000	0.000	0.000	0.000	0.000	0.000	0.000	0.000	0.000	0.000	0.000	0.000	0.000	
0.000	0.000	0.000	0.000	0.000	0.000	0.000	0.000	0.000	0.000	0.000	0.000	0.000	0.000	0.000	0.000	
0.000	0.000	0.000	0.000	0.000	0.000	0.000	0.000	0.000	0.000	0.000	0.000	0.000	0.000	0.000	0.000	
0.000	0.000	0.000	0.000	0.000	0.000	0.000	0.000	0.000	0.000	0.000	0.000	0.000	0.000	0.000	0.000	
0.000	0.000	0.000	0.000	0.000	0.000	0.000	0.000	0.000	0.000	0.000	0.000	0.000	0.000	0.000	0.000	
0.000	0.000	0.000	0.000	0.000	0.000	0.000	0.000	0.000	0.000	0.000	0.000	0.000	0.000	0.000	0.000	
0.000	0.000	0.000	0.000	0.000	0.000	0.000	0.000	0.000	0.000	0.000	0.000	0.000	0.000	0.000	0.000	
0.000	0.000	0.000	0.000	0.000	0.000	0.000	0.000	0.000	0.000	0.000	0.000	0.000	0.000	0.000	0.000	
0.000	0.000	0.000	0.000	0.000	0.000	0.000	0.000	0.000	0.000	0.000	0.000	0.000	0.000	0.000	0.000	
0.000	0.000	0.000	0.000	0.000	0.000	0.000	0.000	0.000	0.000	0.000	0.000	0.000	0.000	0.000	0.000	
0.000	0.000	0.000	0.000	0.000	0.000	0.000	0.000	0.000	0.000	0.000	0.000	0.000	0.000	0.000	0.000	
0.000	0.000	0.000	0.000	0.000	0.000	0.000	0.000	0.000	0.000	0.000	0.000	0.000	0.000	0.000	0.000	
0.000	0.000	0.000	0.000	0.000	0.000	0.000	0.000	0.000	0.000	0.000	0.000	0.000	0.000	0.000	0.000	
0.000	0.000	0.000	0.000	0.000	0.000	0.000	0.000	0.000	0.000	0.000	0.000	0.000	0.000	0.000	0.000	
0.000	0.000	0.000	0.000	0.000	0.000	0.000	0.000	0.000	0.000	0.000	0.000	0.000	0.000	0.000	0.000	
0.000	0.000	0.000	0.000	0.000	0.000	0.000	0.000	0.000	0.000	0.000	0.000	0.000	0.000	0.000	0.000	
0.000	0.000	0.000	0.000	0.000	0.000	0.000	0.000	0.000	0.000	0.000	0.000	0.000	0.000	0.000	0.000	
0.000	0.000	0.000	0.000	0.000	0.000	0.000	0.000	0.000	0.000	0.000	0.000	0.000	0.000	0.000	0.000	
0.000	0.000	0.000	0.000	0.000	0.000	0.000	0.000	0.000	0.000	0.000	0.000	0.000	0.000	0.000	0.000	
0.000	0.000	0.000	0.000	0.000	0.000	0.000	0.000	0.000	0.000	0.000	0.000	0.000	0.000	0.000	0.000	
0.000	0.000	0.000	0.000	0.000	0.000	0.000	0.000	0.000	0.000	0.000	0.000	0.000	0.000	0.000	0.000	
0.000	0.000	0.000	0.000	0.000	0.000	0.000	0.000	0.000	0.000	0.000	0.000	0.000	0.000	0.000	0.000	
0.000	0.000	0.000	0.000	0.000	0.000	0.000	0.000	0.000	0.000	0.000	0.000	0.000	0.000	0.000	0.000	
-530.85724	-145.74855	-76.01473	-0.43668	4.59628	12.86441	1.77664	0.97176	0.22204	-0.07982	-0.22193	0.97501	0.01041	0.08013	0.00760	0.99676	
0.000	0.000	0.000	0.000	0.000	0.000	0.000	0.000	0.000	0.000	0.000	0.000	0.000	0.000	0.000	0.000	
-530.87076	-145.73839	-76.01353	-0.43279	4.58777	12.86607	1.77009	0.97177	0.22208	-0.07966	-0.22196	0.97500	0.01045	0.07999	0.00753	0.99677	
-530.87322	-145.72614	-76.02298	-0.43597	4.58933	12.86774	1.75486	0.97176	0.22210	-0.07970	-0.22199	0.97499	0.01040	0.08001	0.00758	0.99676	
-530.88546	-145.72950	-76.01906	-0.43414	4.57904	12.87918	1.75288	0.97173	0.22230	-0.07951	-0.22218	0.97495	0.01041	0.07983	0.00755	0.99678	
-530.90547	-145.72011	-76.02238	-0.44090	4.57387	12.88254	1.74421	0.97172	0.22235	-0.07945	-0.22224	0.97494	0.01028	0.07974	0.00767	0.99679	
-530.90604	-145.72102	-76.02158	-0.44405	4.58321	12.88827	1.73774	0.97169	0.22244	-0.07962	-0.22234	0.97492	0.01027	0.07991	0.00773	0.99677	
-530.90733	-145.72649	-76.00974	-0.43246	4.57389	12.88776	1.73325	0.97170	0.22245	-0.07942	-0.22233	0.97492	0.01043	0.07974	0.00752	0.99679	
-530.90801	-145.72128	-76.01202	-0.43984	4.57588	12.88737	1.72907	0.97170	0.22243	-0.07948	-0.22232	0.97492	0.01031	0.07978	0.00765	0.99678	
-530.90864	-145.71860	-76.00805	-0.43209	4.57135	12.88433	1.72754	0.97172	0.22239	-0.07937	-0.22227	0.97493	0.01042	0.07970	0.00752	0.99679	
-531.95010	-144.92220	-75.71755	-0.49687	3.30896	12.76379	1.58460	0.97366	0.22044	-0.05821	-0.22056	0.97536	0.00429	0.05772	0.00866	0.99830	
-531.94973	-144.91528	-75.71619	-0.49559	3.31005	12.76530	1.57765	0.97366	0.22046	-0.05822	-0.22059	0.97536	0.00432	0.05774	0.00864	0.99829	
-531.95692	-144.90289	-75.71526	-0.49256	3.29520	12.76374	1.57655	0.97368	0.22044	-0.05796	-0.22057	0.97536	0.00431	0.05748	0.00858	0.99831	
-531.96464	-144.89790	-75.71519	-0.49328	3.30055	12.77112	1.56604	0.97364	0.22057	-0.05805	-0.22069	0.97533	0.00433	0.05757	0.00860	0.99830	
-531.97678	-144.89246	-75.71912	-0.49304	3.28561	12.77684	1.56513	0.97364	0.22067	-0.05780	-0.22079	0.97531	0.00428	0.05731	0.00859	0.99832	
-531.98191	-144.89530	-75.72484	-0.49504	3.29519	12.78299	1.56044	0.97360	0.22077	-0.05797	-0.22089	0.97529	0.00429	0.05748	0.00863	0.99831	
-531.98178	-144.88569	-75.72216	-0.49658	3.29027	12.78487	1.55799	0.97360	0.22080	-0.05789	-0.22093	0.97528	0.00425	0.05739	0.00865	0.99831	
-531.98847	-144.89059	-75.72250	-0.49645	3.30657	12.78610	1.55857	0.97358	0.22082	-0.05816	-0.22094	0.97528	0.00431	0.05768	0.00865	0.99830	
-531.98695	-144.90155	-75.72071	-0.49160	3.32244	12.78485	1.55235	0.97357	0.22080	-0.05841	-0.22092	0.97528	0.00446	0.05796	0.00857	0.99828	
-531.99683	-144.90042	-75.71436	-0.48907	3.30760	12.78812	1.55187	0.97357	0.22086	-0.05815	-0.22098	0.97527	0.00445	0.05770	0.00852	0.99830	
-531.97704	-144.89612	-75.71565	-0.48503	3.30288	12.78670	1.53934	0.97358	0.22084	-0.05806	-0.22095	0.97527	0.00450	0.05761	0.00845	0.99830	
-531.98149	-144.89280	-75.71367	-0.47881	3.30524	12.79714	1.53718	0.97354	0.22102	-0.05807	-0.22113	0.97523	0.00462	0.05766	0.00834	0.99830	
-531.98780	-144.88062	-75.70525	-0.48167	3.29823	12.79616	1.53660	0.97355	0.22100	-0.05796	-0.22112	0.97524	0.00454	0.05753	0.00839	0.99831	
-531.98543	-144.88630	-75.70529	-0.48314	3.31374	12.80087	1.52813	0.97352	0.22108	-0.05823	-0.22119	0.97522	0.00458	0.05780	0.00842	0.99829	
-532.00240	-144.87277	-75.70771	-0.48227	3.29422	12.80449	1.52404	0.97352	0.22115	-0.05790	-0.22126	0.97520	0.00453	0.05746	0.00840	0.99831	
-532.00750	-144.86624	-75.70973	-0.48100	3.30133	12.80769	1.52462	0.97350	0.22120	-0.05801	-0.22131	0.97519	0.00458	0.05759	0.00838	0.99831	
-532.01594	-144.86341	-75.70937	-0.48519	3.29271	12.80831	1.52257	0.97351	0.22121	-0.05788	-0.22132	0.97519	0.00448	0.05744	0.00845	0.99831	
-532.01619	-144.86635	-75.70794	-0.48429	3.29188	12.80940	1.52533	0.97350	0.22123	-0.05787	-0.22134	0.97519	0.00449	0.05742	0.00844	0.99831	
-532.02039	-144.87311	-75.70526	-0.47864	3.31088	12.81277	1.51075	0.97347	0.22129	-0.05817	-0.22140	0.97517	0.00466	0.05775	0.00834	0.99830	
-532.01249	-144.86944	-75.70810	-0.47650	3.32148	12.81310	1.50653	0.97346	0.22129	-0.05834	-0.22140	0.97517	0.00474	0.05794	0.00830	0.99829	
-532.01189	-144.88227	-75.70657	-0.47786	3.31533	12.81629	1.50189	0.97345	0.22135	-0.05824	-0.22145	0.97516	0.00470	0.05783	0.00833	0.99829	
-532.00951	-144.87509	-75.69562	-0.47663	3.30114	12.81356	1.50556	0.97348	0.22130	-0.05799	-0.22141	0.97517	0.00466	0.05758	0.00830	0.99831	
-532.91165	-144.19528	-75.37262	-0.10909	3.37152	13.66941	0.46442	0.96999	0.23621	-0.05759	-0.23591	0.97170	0.01205	0.05881	0.00190	0.99827	
-532.91182	-144.19618	-75.36627	-0.10842	3.37298	13.67658	0.46133	0.96996	0.23633	-0.05761	-0.23603	0.97167	0.01207	0.05884	0.00189	0.99827	
-532.91545	-144.19239	-75.36865	-0.10744	3.38153	13.67600	0.46237	0.96996	0.23632	-0.05776	-0.23602	0.97167	0.01212	0.05898	0.00187	0.99826	
-532.92116	-144.18617	-75.36797	-0.10911	3.36354	13.67761	0.46269	0.96997	0.23635	-0.05746	-0.23605	0.97167	0.01202	0.05867	0.00190	0.99828	
-532.92969	-144.18237	-75.37271	-0.11227	3.35957	13.68249	0.45944	0.96995	0.23643	-0.05740	-0.23613	0.97165	0.01196	0.05860	0.00196	0.99828	
-532.92435	-144.19020	-75.37386	-0.10822	3.36656	13.67532	0.45655	0.96997	0.23631	-0.05751	-0.23601	0.97168	0.01205	0.05872	0.00189	0.99827	
-532.93027	-144.18187	-75.37283	-0.10815	3.36108	13.67579	0.46508	0.96998	0.23632	-0.05741	-0.23602	0.97167	0.01203	0.05863	0.00188	0.99828	
-532.91546	-144.18561	-75.37131	-0.10535	3.36378	13.67093	0.45643	0.97000	0.23624	-0.05745	-0.23594	0.97169	0.01208	0.05868	0.00184	0.99828	
-532.91528	-144.19315	-75.36894	-0.10528	3.37085	13.67330	0.46108	0.96998	0.23628	-0.05757	-0.23598	0.97168	0.01211	0.05880	0.00183	0.99827	
-532.91107	-144.18779	-75.36278	-0.10267	3.35476	13.66760	0.46509	0.97002	0.23619	-0.05728	-0.23588	0.97171	0.01209	0.05852	0.00179	0.99828	
-532.90775	-144.19773	-75.35787	-0.09932	3.35816	13.66370	0.47042	0.97003	0.23612	-0.05733	-0.23582	0.97172	0.01215	0.05858	0.00173	0.99828	
-532.90446	-144.20026	-75.36762	-0.10204	3.36622	13.66930	0.46954	0.97000	0.23622	-0.05748	-0.23591	0.97170	0.01215	0.05872	0.00178	0.99827	
-532.91406	-144.19934	-75.36630	-0.10695	3.34526	13.67368	0.46329	0.97000	0.23629	-0.05714	-0.23599	0.97168	0.01198	0.05835	0.00186	0.99829	
-532.91303	-144.19730	-75.37896	-0.11327	3.36974	13.67428	0.46361	0.96998	0.23629	-0.05758	-0.23599	0.97168	0.01197	0.05878	0.00197	0.99827	
-532.92614	-144.18447	-75.37679	-0.11347	3.36512	13.67552	0.46560	0.96997	0.23631	-0.05750	-0.23602	0.97168	0.01195	0.05870	0.00198	0.99827	
-532.93745	-144.18513	-75.38810	-0.11726	3.36358	13.67773	0.46382	0.96997	0.23634	-0.05749	-0.23605	0.97167	0.01189	0.05867	0.00204	0.99828	
-532.93268	-144.17852	-75.37522	-0.11155	3.36455	13.68255	0.46438	0.96995	0.23643	-0.05748	-0.23613	0.97165	0.01199	0.05869	0.00194	0.99827	
-532.92410	-144.18974	-75.36786	-0.10846	3.36166	13.67454	0.46298	0.96998	0.23630	-0.05742	-0.23600	0.97168	0.01202	0.05864	0.00189	0.99828	
-532.91159	-144.18790	-75.36920	-0.11072	3.36407	13.66743	0.46066	0.97001	0.23618	-0.05748	-0.23588	0.97171	0.01199	0.05868	0.00193	0.99827	
-532.90853	-144.19850	-75.35700	-0.10623	3.35164	13.67015	0.45793	0.97001	0.23623	-0.05725	-0.23593	0.97170	0.01202	0.05846	0.00185	0.99829	
-532.89347	-144.19418	-75.35856	-0.10460	3.36850	13.67059	0.46142	0.96999	0.23623	-0.05752	-0.23593	0.97169	0.01211	0.05876	0.00182	0.99827	
-532.91069	-144.20164	-75.35710	-0.09821	3.36760	13.67427	0.45769	0.96998	0.23630	-0.05748	-0.23599	0.97168	0.01222	0.05874	0.00171	0.99827	
-532.89692	-144.19896	-75.35834	-0.10610	3.35740	13.67169	0.45102	0.97000	0.23625	-0.05734	-0.23595	0.97169	0.01204	0.05856	0.00185	0.99828	
-532.91606	-144.19363	-75.36259	-0.10596	3.36860	13.67165	0.46355	0.96999	0.23625	-0.05753	-0.23595	0.97169	0.01209	0.05876	0.00185	0.99827	
-532.92563	-144.18451	-75.37029	-0.10920	3.35524	13.67688	0.45975	0.96998	0.23634	-0.05732	-0.23604	0.97167	0.01199	0.05853	0.00190	0.99828	
-532.92865	-144.18115	-75.36655	-0.11013	3.34447	13.68013	0.46303	0.96998	0.23639	-0.05714	-0.23610	0.97166	0.01193	0.05834	0.00192	0.99830	
-532.92693	-144.18519	-75.36385	-0.10950	3.35168	13.67723	0.46503	0.96998	0.23634	-0.05726	-0.23605	0.97167	0.01197	0.05846	0.00191	0.99829	
-532.92337	-144.18889	-75.37402	-0.11217	3.35803	13.68039	0.46630	0.96996	0.23639	-0.05738	-0.23610	0.97166	0.01195	0.05858	0.00195	0.99828	
-532.92365	-144.18862	-75.36758	-0.10626	3.35212	13.67516	0.46101	0.96999	0.23631	-0.05725	-0.23601	0.97168	0.01202	0.05847	0.00185	0.99829	
-532.91463	-144.18522	-75.36539	-0.10589	3.35877	13.67319	0.46401	0.96999	0.23628	-0.05736	-0.23598	0.97168	0.01205	0.05859	0.00184	0.99828	
-532.91465	-144.19273	-75.35636	-0.09939	3.34860	13.67440	0.45856	0.97000	0.23631	-0.05717	-0.23600	0.97168	0.01212	0.05841	0.00173	0.99829	
-532.91186	-144.18830	-75.35642	-0.10134	3.35490	13.67646	0.46582	0.96998	0.23634	-0.05728	-0.23603	0.97167	0.01212	0.05852	0.00177	0.99828	
-532.90939	-144.19268	-75.35416	-0.10865	3.36844	13.66747	0.47332	0.97000	0.23618	-0.05754	-0.23588	0.97171	0.01204	0.05876	0.00189	0.99827	
-532.91895	-144.18271	-75.36190	-0.10624	3.34659	13.67269	0.46847	0.97000	0.23627	-0.05716	-0.23597	0.97169	0.01200	0.05838	0.00185	0.99829	
-532.91823	-144.18224	-75.37418	-0.11383	3.35946	13.67080	0.45790	0.97000	0.23623	-0.05741	-0.23594	0.97170	0.01192	0.05860	0.00198	0.99828	
-532.93071	-144.17653	-75.37552	-0.11646	3.34410	13.68141	0.46134	0.96997	0.23641	-0.05716	-0.23612	0.97165	0.01182	0.05833	0.00203	0.99830	
-532.92011	-144.18450	-75.38010	-0.11668	3.37591	13.68137	0.45485	0.96994	0.23641	-0.05770	-0.23611	0.97165	0.01195	0.05889	0.00203	0.99826	
-532.92535	-144.18332	-75.37000	-0.10950	3.35764	13.67929	0.45835	0.96997	0.23638	-0.05736	-0.23608	0.97166	0.01199	0.05857	0.00191	0.99828	
-532.92117	-144.18539	-75.36153	-0.11367	3.33418	13.67658	0.47041	0.97000	0.23633	-0.05698	-0.23604	0.97167	0.01182	0.05816	0.00198	0.99831	
-532.90583	-144.19523	-75.34505	-0.10226	3.35843	13.66860	0.46683	0.97001	0.23620	-0.05734	-0.23590	0.97170	0.01211	0.05858	0.00178	0.99828	
-532.89505	-144.20343	-75.35015	-0.10233	3.36077	13.66794	0.46961	0.97001	0.23619	-0.05738	-0.23589	0.97170	0.01212	0.05862	0.00178	0.99828	
-532.90146	-144.20407	-75.35226	-0.10294	3.35497	13.66911	0.46481	0.97001	0.23621	-0.05729	-0.23591	0.97170	0.01208	0.05852	0.00179	0.99828	
-532.89148	-144.20609	-75.34769	-0.09937	3.35698	13.66472	0.47142	0.97003	0.23614	-0.05731	-0.23583	0.97172	0.01215	0.05856	0.00173	0.99828	
-532.90699	-144.19705	-75.35764	-0.10274	3.35597	13.66756	0.46336	0.97002	0.23619	-0.05731	-0.23588	0.97171	0.01209	0.05854	0.00179	0.99828	
-532.91741	-144.19553	-75.36897	-0.11056	3.36235	13.67016	0.46394	0.97000	0.23622	-0.05744	-0.23593	0.97170	0.01199	0.05865	0.00193	0.99828	
-532.93015	-144.18873	-75.38891	-0.11250	3.37090	13.66804	0.46080	0.97000	0.23618	-0.05760	-0.23589	0.97171	0.01199	0.05880	0.00196	0.99827	
-532.93829	-144.17797	-75.39701	-0.11568	3.37289	13.67680	0.46426	0.96996	0.23633	-0.05764	-0.23604	0.97167	0.01195	0.05883	0.00202	0.99827	
-532.93960	-144.17984	-75.42193	-0.12160	3.37764	13.68176	0.46315	0.96994	0.23641	-0.05775	-0.23612	0.97165	0.01187	0.05892	0.00212	0.99826	
-532.94887	-144.17641	-75.42703	-0.12561	3.39090	13.67925	0.45835	0.96993	0.23636	-0.05799	-0.23607	0.97166	0.01186	0.05915	0.00219	0.99825	
-532.95430	-144.16963	-75.43240	-0.12206	3.38010	13.68439	0.46265	0.96992	0.23645	-0.05779	-0.23616	0.97164	0.01188	0.05896	0.00213	0.99826	
-532.95601	-144.16352	-75.42226	-0.12130	3.38262	13.68202	0.46542	0.96993	0.23641	-0.05783	-0.23612	0.97165	0.01190	0.05900	0.00211	0.99826	
-532.92926	-144.18104	-75.42373	-0.12005	3.38341	13.67100	0.46647	0.96998	0.23623	-0.05784	-0.23593	0.97170	0.01191	0.05902	0.00209	0.99825	
-532.93170	-144.18468	-75.41033	-0.11882	3.38449	13.67972	0.45747	0.96994	0.23637	-0.05785	-0.23608	0.97166	0.01195	0.05904	0.00207	0.99825	
-532.92558	-144.18298	-75.40814	-0.11020	3.38257	13.67475	0.46994	0.96996	0.23630	-0.05778	-0.23600	0.97168	0.01208	0.05900	0.00192	0.99826	
-532.93181	-144.18454	-75.40431	-0.11626	3.36891	13.67304	0.46077	0.96998	0.23626	-0.05758	-0.23597	0.97169	0.01192	0.05876	0.00203	0.99827	
-532.93640	-144.17567	-75.40967	-0.10733	3.38128	13.67225	0.46285	0.96997	0.23626	-0.05775	-0.23596	0.97169	0.01212	0.05898	0.00187	0.99826	
-532.93730	-144.18405	-75.40702	-0.11559	3.37371	13.67387	0.46826	0.96997	0.23628	-0.05766	-0.23599	0.97168	0.01195	0.05885	0.00201	0.99826	
-532.95032	-144.18545	-75.41837	-0.11157	3.38540	13.67088	0.46322	0.96997	0.23623	-0.05784	-0.23593	0.97169	0.01206	0.05905	0.00194	0.99825	
-532.95544	-144.17029	-75.42566	-0.11498	3.37337	13.67712	0.45749	0.96996	0.23633	-0.05765	-0.23604	0.97167	0.01196	0.05884	0.00200	0.99827	
-532.96027	-144.16939	-75.43462	-0.11822	3.37620	13.67855	0.46330	0.96995	0.23636	-0.05771	-0.23606	0.97166	0.01192	0.05889	0.00206	0.99826	
-532.95707	-144.16512	-75.43504	-0.12345	3.36626	13.67751	0.46904	0.96997	0.23633	-0.05756	-0.23605	0.97167	0.01179	0.05872	0.00215	0.99827	
-532.94874	-144.16237	-75.43235	-0.12159	3.37916	13.68303	0.46272	0.96993	0.23643	-0.05777	-0.23614	0.97165	0.01188	0.05894	0.00212	0.99826	
-532.94713	-144.16729	-75.42330	-0.12134	3.38929	13.68178	0.45512	0.96992	0.23641	-0.05794	-0.23612	0.97165	0.01193	0.05912	0.00211	0.99825	
-532.94652	-144.17332	-75.41416	-0.11052	3.37797	13.67864	0.45904	0.96995	0.23637	-0.05771	-0.23607	0.97166	0.01206	0.05892	0.00193	0.99826	
-532.93184	-144.18438	-75.41714	-0.11258	3.37718	13.66909	0.46588	0.96999	0.23620	-0.05770	-0.23590	0.97170	0.01201	0.05891	0.00196	0.99826	
-532.92830	-144.19459	-75.41199	-0.10820	3.40074	13.66545	0.46320	0.96998	0.23614	-0.05809	-0.23584	0.97172	0.01218	0.05932	0.00189	0.99824	
-532.94424	-144.19262	-75.41315	-0.11195	3.38454	13.67001	0.46387	0.96998	0.23622	-0.05783	-0.23592	0.97170	0.01205	0.05904	0.00195	0.99825	
-532.94331	-144.17656	-75.41852	-0.11411	3.39272	13.67429	0.46916	0.96995	0.23629	-0.05797	-0.23599	0.97168	0.01205	0.05918	0.00199	0.99825	
-532.95213	-144.17359	-75.42369	-0.11182	3.38435	13.67306	0.46540	0.96997	0.23627	-0.05782	-0.23597	0.97169	0.01206	0.05903	0.00195	0.99825	
-532.95884	-144.16742	-75.44108	-0.12543	3.38138	13.67917	0.46402	0.96994	0.23636	-0.05783	-0.23607	0.97166	0.01182	0.05898	0.00219	0.99826	
-532.96955	-144.15936	-75.43577	-0.12147	3.38189	13.68349	0.45339	0.96993	0.23644	-0.05782	-0.23615	0.97164	0.01189	0.05899	0.00212	0.99826	
-532.97303	-144.15660	-75.43220	-0.12226	3.36937	13.68652	0.45888	0.96993	0.23649	-0.05761	-0.23620	0.97163	0.01183	0.05877	0.00213	0.99827	
-532.95534	-144.17108	-75.43199	-0.12532	3.37740	13.68935	0.45723	0.96991	0.23653	-0.05776	-0.23625	0.97162	0.01182	0.05891	0.00218	0.99826	
-532.94420	-144.17854	-75.42452	-0.11867	3.37631	13.67758	0.46158	0.96996	0.23634	-0.05771	-0.23605	0.97167	0.01191	0.05889	0.00207	0.99826	
-532.93682	-144.19812	-75.42060	-0.11207	3.38859	13.67322	0.46609	0.96996	0.23627	-0.05789	-0.23597	0.97169	0.01207	0.05911	0.00195	0.99825	
-532.92363	-144.20982	-75.41654	-0.11630	3.39718	13.66793	0.46963	0.96997	0.23618	-0.05806	-0.23588	0.97171	0.01203	0.05926	0.00203	0.99824	
-532.92557	-144.21304	-75.41679	-0.11304	3.38637	13.66350	0.46719	0.97000	0.23611	-0.05786	-0.23581	0.97173	0.01204	0.05907	0.00197	0.99825	
-532.93146	-144.20581	-75.42207	-0.11317	3.38616	13.66471	0.46927	0.97000	0.23613	-0.05786	-0.23583	0.97172	0.01203	0.05907	0.00197	0.99825	
-532.93921	-144.19345	-75.42974	-0.11595	3.39199	13.66733	0.46460	0.96998	0.23617	-0.05797	-0.23587	0.97171	0.01201	0.05917	0.00202	0.99825	
-532.95649	-144.17912	-75.43004	-0.12403	3.39109	13.66771	0.46836	0.96998	0.23617	-0.05799	-0.23588	0.97171	0.01187	0.05915	0.00216	0.99825	
-532.95869	-144.16743	-75.43476	-0.11847	3.37725	13.67984	0.46315	0.96994	0.23638	-0.05773	-0.23609	0.97166	0.01192	0.05891	0.00206	0.99826	
-532.96256	-144.15889	-75.43407	-0.12210	3.36732	13.68530	0.46797	0.96993	0.23647	-0.05757	-0.23618	0.97164	0.01183	0.05874	0.00213	0.99827	
-532.96448	-144.15259	-75.43618	-0.12668	3.37279	13.68136	0.45831	0.96994	0.23640	-0.05769	-0.23611	0.97165	0.01177	0.05883	0.00221	0.99827	
-532.95669	-144.17253	-75.43847	-0.12904	3.38453	13.68390	0.46369	0.96992	0.23644	-0.05789	-0.23615	0.97164	0.01178	0.05904	0.00225	0.99825	
-532.93830	-144.18561	-75.41949	-0.11586	3.38148	13.67488	0.46511	0.96996	0.23630	-0.05779	-0.23600	0.97168	0.01198	0.05898	0.00202	0.99826	
-532.92894	-144.20944	-75.41261	-0.10900	3.38567	13.67029	0.46529	0.96998	0.23622	-0.05783	-0.23592	0.97170	0.01211	0.05906	0.00190	0.99825	
-532.91964	-144.21944	-75.41728	-0.10829	3.37282	13.67459	0.46727	0.96997	0.23630	-0.05761	-0.23600	0.97168	0.01207	0.05883	0.00189	0.99827	
-532.92204	-144.21549	-75.40835	-0.11296	3.38581	13.66211	0.48088	0.97001	0.23608	-0.05785	-0.23578	0.97173	0.01203	0.05906	0.00197	0.99825	
-532.92520	-144.21964	-75.41414	-0.11059	3.38426	13.66324	0.46802	0.97001	0.23610	-0.05782	-0.23580	0.97173	0.01207	0.05903	0.00193	0.99825	
-532.93248	-144.20757	-75.42199	-0.11639	3.39799	13.66932	0.46989	0.96997	0.23620	-0.05807	-0.23590	0.97170	0.01203	0.05927	0.00203	0.99824	
-532.94546	-144.19499	-75.41955	-0.11612	3.38124	13.67771	0.46729	0.96995	0.23634	-0.05779	-0.23605	0.97167	0.01198	0.05898	0.00202	0.99826	
-532.95655	-144.18662	-75.43368	-0.11550	3.37204	13.67410	0.47200	0.96997	0.23628	-0.05763	-0.23599	0.97168	0.01195	0.05882	0.00201	0.99827	
-532.96313	-144.18039	-75.43864	-0.12717	3.37740	13.67403	0.47089	0.96997	0.23627	-0.05777	-0.23599	0.97168	0.01177	0.05891	0.00222	0.99826	
-532.96661	-144.17771	-75.43509	-0.12285	3.38856	13.66764	0.47079	0.96998	0.23617	-0.05794	-0.23588	0.97171	0.01188	0.05911	0.00214	0.99825	
-532.96537	-144.18262	-75.43201	-0.11796	3.38423	13.67908	0.46599	0.96994	0.23636	-0.05784	-0.23607	0.97166	0.01196	0.05903	0.00206	0.99825	
-532.95248	-144.18956	-75.43707	-0.12313	3.39376	13.67815	0.45831	0.96994	0.23634	-0.05803	-0.23605	0.97167	0.01191	0.05920	0.00215	0.99824	
-532.95740	-144.19502	-75.43099	-0.11651	3.37765	13.66887	0.47226	0.96999	0.23619	-0.05773	-0.23590	0.97170	0.01195	0.05892	0.00203	0.99826	
-532.92890	-144.21032	-75.42562	-0.11236	3.39090	13.67274	0.46851	0.96996	0.23626	-0.05794	-0.23596	0.97169	0.01208	0.05915	0.00196	0.99825	
-532.93244	-144.21400	-75.42561	-0.11713	3.39203	13.66901	0.47143	0.96997	0.23619	-0.05797	-0.23590	0.97170	0.01200	0.05917	0.00204	0.99825	
-532.94002	-144.20271	-75.42705	-0.11958	3.39475	13.67263	0.46515	0.96996	0.23625	-0.05803	-0.23596	0.97169	0.01197	0.05921	0.00208	0.99824	
-532.95450	-144.19735	-75.42805	-0.11098	3.39614	13.66940	0.46738	0.96997	0.23621	-0.05802	-0.23590	0.97170	0.01212	0.05924	0.00193	0.99824	
-532.95032	-144.19386	-75.42824	-0.12346	3.37927	13.67345	0.46178	0.96997	0.23626	-0.05778	-0.23598	0.97169	0.01184	0.05895	0.00215	0.99826	
-532.94498	-144.20070	-75.42905	-0.11924	3.38609	13.67194	0.46223	0.96997	0.23624	-0.05788	-0.23595	0.97169	0.01194	0.05906	0.00208	0.99825	
-532.95201	-144.19534	-75.43452	-0.12098	3.37060	13.67383	0.46617	0.96998	0.23627	-0.05763	-0.23599	0.97168	0.01185	0.05879	0.00211	0.99827	
-532.95823	-144.18138	-75.42977	-0.11534	3.38061	13.67611	0.46802	0.96996	0.23632	-0.05777	-0.23602	0.97167	0.01199	0.05897	0.00201	0.99826	
-532.94881	-144.18467	-75.43101	-0.12011	3.37569	13.67482	0.46573	0.96997	0.23629	-0.05771	-0.23600	0.97168	0.01188	0.05888	0.00209	0.99826	
-532.94906	-144.19199	-75.42864	-0.12287	3.39357	13.67353	0.46996	0.96995	0.23627	-0.05802	-0.23597	0.97169	0.01191	0.05919	0.00214	0.99824	
-532.94225	-144.18312	-75.42206	-0.11971	3.38218	13.67454	0.46317	0.96996	0.23629	-0.05782	-0.23599	0.97168	0.01192	0.05900	0.00209	0.99826	
-532.94041	-144.18090	-75.42206	-0.11570	3.37253	13.67434	0.46326	0.96997	0.23629	-0.05764	-0.23599	0.97168	0.01194	0.05883	0.00202	0.99827	
-532.93612	-144.17489	-75.41593	-0.11242	3.37793	13.67209	0.46036	0.96998	0.23625	-0.05772	-0.23595	0.97169	0.01202	0.05892	0.00196	0.99826	
-532.93926	-144.17246	-75.41874	-0.10863	3.37178	13.66907	0.46478	0.96999	0.23620	-0.05760	-0.23590	0.97170	0.01206	0.05881	0.00189	0.99827	
-532.94119	-144.16707	-75.40877	-0.11949	3.38280	13.67270	0.46817	0.96997	0.23626	-0.05783	-0.23596	0.97169	0.01192	0.05901	0.00208	0.99826	
-532.94385	-144.17072	-75.42081	-0.11253	3.37875	13.67667	0.46102	0.96996	0.23633	-0.05773	-0.23603	0.97167	0.01203	0.05894	0.00196	0.99826	
-532.94155	-144.16795	-75.42110	-0.11832	3.38485	13.67704	0.45735	0.96995	0.23633	-0.05786	-0.23604	0.97167	0.01195	0.05904	0.00206	0.99825	
-532.95733	-144.15852	-75.41885	-0.12001	3.36991	13.67179	0.46046	0.96999	0.23624	-0.05761	-0.23595	0.97169	0.01186	0.05878	0.00209	0.99827	
-532.93959	-144.16562	-75.42140	-0.11985	3.36577	13.67836	0.46435	0.96996	0.23635	-0.05754	-0.23606	0.97167	0.01185	0.05871	0.00209	0.99827	
-532.94686	-144.16661	-75.41751	-0.11547	3.37848	13.67450	0.46323	0.96997	0.23629	-0.05774	-0.23599	0.97168	0.01197	0.05893	0.00201	0.99826	
-532.94141	-144.17449	-75.41840	-0.11519	3.38053	13.67679	0.46076	0.96995	0.23633	-0.05777	-0.23603	0.97167	0.01199	0.05897	0.00201	0.99826	
-532.93201	-144.17047	-75.40968	-0.10753	3.38100	13.67559	0.46431	0.96996	0.23632	-0.05775	-0.23601	0.97167	0.01212	0.05898	0.00187	0.99826	
-532.93081	-144.17613	-75.40712	-0.10805	3.37635	13.67418	0.45747	0.96997	0.23629	-0.05767	-0.23599	0.97168	0.01209	0.05889	0.00188	0.99826	
-532.93415	-144.17235	-75.40984	-0.11647	3.39311	13.66988	0.46452	0.96997	0.23621	-0.05799	-0.23591	0.97170	0.01201	0.05919	0.00203	0.99824	
-532.92142	-144.17844	-75.41438	-0.11154	3.38945	13.66989	0.45565	0.96997	0.23622	-0.05791	-0.23591	0.97170	0.01208	0.05912	0.00194	0.99825	
-532.92159	-144.17175	-75.41098	-0.11223	3.37723	13.67254	0.46071	0.96998	0.23626	-0.05770	-0.23596	0.97169	0.01202	0.05891	0.00196	0.99826	
-532.93439	-144.17327	-75.41619	-0.11499	3.38832	13.67324	0.46211	0.96996	0.23627	-0.05790	-0.23597	0.97169	0.01202	0.05910	0.00200	0.99825	
-532.93748	-144.17735	-75.41639	-0.11569	3.36617	13.67297	0.47167	0.96998	0.23626	-0.05753	-0.23597	0.97169	0.01192	0.05872	0.00202	0.99827	
-532.94481	-144.16435	-75.42328	-0.11910	3.37909	13.68088	0.45356	0.96994	0.23639	-0.05776	-0.23610	0.97165	0.01192	0.05894	0.00208	0.99826	
-532.93947	-144.16557	-75.41481	-0.11979	3.36754	13.67924	0.45544	0.96996	0.23637	-0.05757	-0.23608	0.97166	0.01186	0.05874	0.00209	0.99827	
-532.94038	-144.16601	-75.41481	-0.11068	3.37808	13.67824	0.45920	0.96995	0.23636	-0.05771	-0.23606	0.97166	0.01206	0.05892	0.00193	0.99826	
-532.93221	-144.16348	-75.41225	-0.11958	3.38087	13.67291	0.45735	0.96997	0.23626	-0.05779	-0.23597	0.97169	0.01191	0.05897	0.00208	0.99826	
-532.92514	-144.16893	-75.40743	-0.11544	3.37612	13.67499	0.46559	0.96997	0.23630	-0.05770	-0.23600	0.97168	0.01196	0.05889	0.00201	0.99826	
-532.91799	-144.17440	-75.40853	-0.11187	3.38449	13.67198	0.46374	0.96997	0.23625	-0.05782	-0.23595	0.97169	0.01206	0.05904	0.00195	0.99825	
-532.92893	-144.17365	-75.40713	-0.11109	3.38531	13.67858	0.46274	0.96994	0.23636	-0.05783	-0.23606	0.97166	0.01208	0.05905	0.00194	0.99825	
-532.93218	-144.17761	-75.41360	-0.11177	3.38348	13.66873	0.46399	0.96998	0.23620	-0.05781	-0.23590	0.97170	0.01205	0.05902	0.00195	0.99826	
-532.92574	-144.19161	-75.41215	-0.11885	3.39416	13.66957	0.47095	0.96997	0.23620	-0.05802	-0.23591	0.97170	0.01198	0.05920	0.00207	0.99824	
-532.94181	-144.18978	-75.41949	-0.11582	3.38142	13.67476	0.46558	0.96996	0.23629	-0.05779	-0.23600	0.97168	0.01198	0.05898	0.00202	0.99826	
-532.94177	-144.18312	-75.40978	-0.11613	3.39069	13.66842	0.46727	0.96998	0.23619	-0.05795	-0.23589	0.97171	0.01201	0.05914	0.00202	0.99825	
-532.93365	-144.18667	-75.41098	-0.11173	3.39122	13.67261	0.46819	0.96996	0.23626	-0.05794	-0.23596	0.97169	0.01209	0.05915	0.00195	0.99825	
-532.93859	-144.17902	-75.40968	-0.12191	3.39611	13.67236	0.46475	0.96996	0.23625	-0.05806	-0.23595	0.97169	0.01193	0.05924	0.00212	0.99824	
-532.94112	-144.17455	-75.41189	-0.11366	3.37932	13.68316	0.46196	0.96993	0.23644	-0.05774	-0.23614	0.97164	0.01202	0.05895	0.00198	0.99826	
-532.93493	-144.18189	-75.41352	-0.11651	3.36073	13.67816	0.46714	0.96997	0.23635	-0.05744	-0.23606	0.97167	0.01189	0.05862	0.00203	0.99828	
-532.93600	-144.17558	-75.41598	-0.11829	3.38201	13.67854	0.46161	0.96995	0.23636	-0.05781	-0.23606	0.97166	0.01194	0.05899	0.00206	0.99826	
-532.94044	-144.18043	-75.40937	-0.11288	3.35705	13.67380	0.46249	0.96999	0.23628	-0.05736	-0.23599	0.97168	0.01193	0.05856	0.00197	0.99828	
-532.92953	-144.18127	-75.41025	-0.11860	3.38439	13.68025	0.45798	0.96994	0.23638	-0.05785	-0.23609	0.97166	0.01195	0.05903	0.00207	0.99825	
-532.93128	-144.19017	-75.40757	-0.11508	3.37925	13.67822	0.46163	0.96995	0.23635	-0.05775	-0.23606	0.97167	0.01199	0.05894	0.00201	0.99826	
-532.93466	-144.18853	-75.39798	-0.11513	3.39307	13.67570	0.46209	0.96995	0.23631	-0.05798	-0.23601	0.97168	0.01204	0.05919	0.00201	0.99825	
-532.92958	-144.19621	-75.39907	-0.10756	3.37969	13.67937	0.46744	0.96994	0.23638	-0.05772	-0.23608	0.97166	0.01212	0.05895	0.00187	0.99826	
-532.93850	-144.18567	-75.40040	-0.11168	3.36526	13.68149	0.46395	0.96995	0.23641	-0.05750	-0.23612	0.97165	0.01199	0.05870	0.00195	0.99827	
-532.93670	-144.19063	-75.39799	-0.11504	3.38126	13.67912	0.46687	0.96994	0.23637	-0.05778	-0.23607	0.97166	0.01200	0.05898	0.00200	0.99826	
-532.93463	-144.18844	-75.40456	-0.11645	3.39312	13.66892	0.46309	0.96997	0.23619	-0.05799	-0.23590	0.97170	0.01201	0.05919	0.00203	0.99824	
-532.93793	-144.18514	-75.40030	-0.11209	3.36725	13.67911	0.46049	0.96996	0.23637	-0.05753	-0.23608	0.97166	0.01199	0.05874	0.00195	0.99827	
-532.93288	-144.18610	-75.40433	-0.11599	3.37065	13.67454	0.45889	0.96997	0.23629	-0.05761	-0.23600	0.97168	0.01193	0.05880	0.00202	0.99827	
-532.93956	-144.18735	-75.40060	-0.12038	3.37534	13.67364	0.46521	0.96997	0.23627	-0.05770	-0.23598	0.97169	0.01188	0.05888	0.00210	0.99826	
-532.94094	-144.18908	-75.40702	-0.11753	3.36441	13.66883	0.46883	0.97000	0.23619	-0.05751	-0.23590	0.97170	0.01187	0.05869	0.00205	0.99827	
-532.93104	-144.19856	-75.39918	-0.12004	3.38919	13.67273	0.45858	0.96996	0.23625	-0.05794	-0.23596	0.97169	0.01194	0.05912	0.00209	0.99825	
-532.93454	-144.20241	-75.39927	-0.11604	3.39007	13.66817	0.46721	0.96998	0.23618	-0.05794	-0.23588	0.97171	0.01201	0.05913	0.00202	0.99825	
-532.93460	-144.18840	-75.40457	-0.11645	3.39312	13.66892	0.46309	0.96997	0.23619	-0.05799	-0.23590	0.97170	0.01201	0.05919	0.00203	0.99824	
-532.93124	-144.19855	-75.40579	-0.11153	3.38835	13.67143	0.47130	0.96997	0.23624	-0.05789	-0.23594	0.97169	0.01208	0.05910	0.00194	0.99825	
-532.93811	-144.19244	-75.40386	-0.11146	3.37933	13.67921	0.45746	0.96995	0.23637	-0.05773	-0.23607	0.97166	0.01205	0.05895	0.00194	0.99826	
-532.93311	-144.18592	-75.39764	-0.11167	3.35826	13.68066	0.45928	0.96996	0.23640	-0.05738	-0.23610	0.97165	0.01196	0.05858	0.00195	0.99828	
-532.92874	-144.18799	-75.39538	-0.12040	3.37642	13.67402	0.46339	0.96997	0.23628	-0.05772	-0.23599	0.97168	0.01188	0.05890	0.00210	0.99826	
-532.92877	-144.18897	-75.39565	-0.12050	3.37599	13.67420	0.46329	0.96997	0.23628	-0.05772	-0.23599	0.97168	0.01188	0.05889	0.00210	0.99826	
-532.93271	-144.19346	-75.38326	-0.11329	3.36504	13.67360	0.47092	0.96998	0.23628	-0.05750	-0.23598	0.97168	0.01195	0.05870	0.00197	0.99827	
-532.91681	-144.20197	-75.38494	-0.11264	3.36808	13.68189	0.45967	0.96995	0.23642	-0.05755	-0.23612	0.97165	0.01199	0.05875	0.00196	0.99827	
-532.92382	-144.19669	-75.39042	-0.10625	3.36025	13.67311	0.46250	0.96999	0.23628	-0.05739	-0.23598	0.97168	0.01205	0.05861	0.00185	0.99828	
-532.91859	-144.19773	-75.38213	-0.10692	3.37015	13.66438	0.46923	0.97002	0.23613	-0.05756	-0.23583	0.97172	0.01207	0.05879	0.00186	0.99827	
-532.91916	-144.19838	-75.38832	-0.10545	3.36486	13.67341	0.46956	0.96998	0.23628	-0.05747	-0.23598	0.97168	0.01209	0.05869	0.00184	0.99827	
-532.92596	-144.19882	-75.39638	-0.10810	3.37511	13.67497	0.45829	0.96997	0.23631	-0.05765	-0.23600	0.97168	0.01208	0.05887	0.00188	0.99826	
-532.93255	-144.18612	-75.39170	-0.11659	3.37575	13.67791	0.46019	0.96995	0.23635	-0.05770	-0.23605	0.97167	0.01195	0.05888	0.00203	0.99826	
-532.92572	-144.19124	-75.39937	-0.12034	3.36705	13.67292	0.46858	0.96998	0.23626	-0.05756	-0.23597	0.97169	0.01184	0.05873	0.00210	0.99827	
-532.94371	-144.17766	-75.39923	-0.11865	3.37698	13.68020	0.46270	0.96994	0.23638	-0.05772	-0.23609	0.97166	0.01192	0.05891	0.00207	0.99826	
-532.93711	-144.18375	-75.40053	-0.11117	3.36356	13.68039	0.46519	0.96996	0.23639	-0.05747	-0.23610	0.97166	0.01199	0.05867	0.00194	0.99828	
-532.93659	-144.18303	-75.39401	-0.11569	3.36536	13.67724	0.46065	0.96997	0.23634	-0.05752	-0.23604	0.97167	0.01192	0.05870	0.00202	0.99827	
-532.92932	-144.19599	-75.38674	-0.11230	3.37590	13.67582	0.47020	0.96996	0.23632	-0.05768	-0.23602	0.97167	0.01202	0.05889	0.00196	0.99826	
-532.93265	-144.20011	-75.38627	-0.10502	3.37674	13.67440	0.46134	0.96997	0.23630	-0.05766	-0.23599	0.97168	0.01214	0.05890	0.00183	0.99826	
-532.93079	-144.19766	-75.38660	-0.11028	3.36797	13.66920	0.46368	0.97000	0.23621	-0.05754	-0.23591	0.97170	0.01201	0.05875	0.00192	0.99827	
-532.91624	-144.20880	-75.38268	-0.10569	3.36416	13.67515	0.47124	0.96998	0.23631	-0.05745	-0.23601	0.97168	0.01208	0.05868	0.00184	0.99828	
-532.91657	-144.20872	-75.38230	-0.10100	3.37643	13.67583	0.46264	0.96996	0.23633	-0.05764	-0.23602	0.97167	0.01221	0.05890	0.00176	0.99826	
-532.91158	-144.20217	-75.38873	-0.10755	3.37948	13.67656	0.46553	0.96996	0.23633	-0.05772	-0.23603	0.97167	0.01211	0.05895	0.00187	0.99826	
-532.93515	-144.18125	-75.38162	-0.11870	3.37084	13.67888	0.46223	0.96996	0.23636	-0.05762	-0.23607	0.97166	0.01189	0.05880	0.00207	0.99827	
-532.93323	-144.17902	-75.39417	-0.11625	3.36669	13.67792	0.45892	0.96996	0.23635	-0.05754	-0.23606	0.97167	0.01192	0.05873	0.00203	0.99827	
-532.93720	-144.16947	-75.39319	-0.12027	3.36056	13.68076	0.45835	0.96996	0.23639	-0.05745	-0.23611	0.97166	0.01182	0.05862	0.00210	0.99828	
-532.93714	-144.17694	-75.38447	-0.11670	3.37160	13.68014	0.46118	0.96995	0.23638	-0.05762	-0.23609	0.97166	0.01193	0.05881	0.00203	0.99827	
-532.93575	-144.17541	-75.39064	-0.10902	3.35303	13.67678	0.45722	0.96998	0.23634	-0.05728	-0.23604	0.97167	0.01198	0.05849	0.00190	0.99829	
-532.93152	-144.18502	-75.39205	-0.11595	3.37347	13.67554	0.46221	0.96997	0.23631	-0.05765	-0.23601	0.97168	0.01195	0.05884	0.00202	0.99827	
-532.91880	-144.19660	-75.38783	-0.10502	3.36519	13.67308	0.46882	0.96998	0.23628	-0.05747	-0.23597	0.97168	0.01209	0.05870	0.00183	0.99827	
-532.92365	-144.19550	-75.37777	-0.10575	3.37705	13.66576	0.46706	0.97000	0.23615	-0.05767	-0.23585	0.97171	0.01212	0.05891	0.00184	0.99826	
-532.91482	-144.19943	-75.37257	-0.10953	3.37369	13.66858	0.46052	0.96999	0.23620	-0.05763	-0.23590	0.97170	0.01205	0.05885	0.00191	0.99827	
-532.90486	-144.20799	-75.37162	-0.10670	3.36973	13.66388	0.46854	0.97002	0.23612	-0.05756	-0.23582	0.97172	0.01208	0.05878	0.00186	0.99827	
-532.90667	-144.18886	-75.37282	-0.10938	3.37324	13.66682	0.46045	0.97000	0.23617	-0.05763	-0.23587	0.97171	0.01205	0.05884	0.00191	0.99827	
-532.91951	-144.18310	-75.38009	-0.10452	3.36920	13.68117	0.45717	0.96995	0.23641	-0.05753	-0.23611	0.97165	0.01213	0.05877	0.00182	0.99827	
-532.93279	-144.16347	-75.38712	-0.11603	3.36206	13.67571	0.45877	0.96998	0.23631	-0.05746	-0.23602	0.97168	0.01190	0.05865	0.00202	0.99828	
-532.93037	-144.16817	-75.38433	-0.11546	3.35505	13.68134	0.46030	0.96996	0.23641	-0.05734	-0.23612	0.97165	0.01188	0.05852	0.00201	0.99828	
-532.93402	-144.16537	-75.38045	-0.11492	3.36280	13.68158	0.45660	0.96995	0.23641	-0.05747	-0.23612	0.97165	0.01193	0.05866	0.00200	0.99828	
-532.94074	-144.16011	-75.38598	-0.11752	3.34334	13.67819	0.45923	0.96999	0.23635	-0.05715	-0.23607	0.97167	0.01180	0.05832	0.00205	0.99830	
-532.92438	-144.18200	-75.38263	-0.11188	3.37184	13.68183	0.46194	0.96994	0.23642	-0.05761	-0.23612	0.97165	0.01201	0.05882	0.00195	0.99827	
