X	Y	Z	Roll	Pitch	Yaw	Residual	Rot[0]	Rot[1]	Rot[2]	Rot[3]	Rot[4]	Rot[5]	Rot[6]	Rot[7]	Rot[8]	
290.89338	337.62766	97.19291	0.01289	0.38589	-106.28460	0.29876	-0.28040	-0.95988	0.00167	0.95986	-0.28041	-0.00653	0.00673	-0.00023	0.99998	
290.88954	337.62619	97.19708	0.02013	0.38769	-106.28189	0.29023	-0.28036	-0.95989	0.00156	0.95987	-0.28036	-0.00659	0.00677	-0.00035	0.99998	
290.90733	337.61821	97.21311	-0.02626	0.39898	-106.28853	0.30425	-0.28047	-0.95986	0.00239	0.95984	-0.28048	-0.00656	0.00696	0.00046	0.99998	
291.04303	337.77284	97.37747	0.51357	-0.08920	-106.38058	0.23465	-0.28202	-0.95937	-0.00904	0.95941	-0.28202	-0.00103	-0.00156	-0.00896	0.99996	
291.06784	337.79290	97.38441	0.44850	-0.06303	-106.39201	0.22529	-0.28221	-0.95932	-0.00782	0.95935	-0.28221	-0.00115	-0.00110	-0.00783	0.99997	
291.05644	337.77755	97.36317	0.50338	-0.11314	-106.40451	0.23536	-0.28242	-0.95925	-0.00899	0.95929	-0.28242	-0.00059	-0.00197	-0.00879	0.99996	
290.97546	337.73611	97.32124	0.49419	-0.06609	-106.42339	0.26552	-0.28273	-0.95916	-0.00860	0.95920	-0.28273	-0.00133	-0.00115	-0.00863	0.99996	
291.02380	337.65243	97.35640	0.33078	-0.03628	-106.34164	0.27505	-0.28136	-0.95958	-0.00572	0.95960	-0.28136	-0.00102	-0.00063	-0.00577	0.99998	
291.02110	337.63549	97.33334	0.36838	-0.05776	-106.33454	0.29398	-0.28125	-0.95961	-0.00645	0.95964	-0.28125	-0.00084	-0.00101	-0.00643	0.99998	
291.02895	337.63458	97.32454	0.39498	-0.08553	-106.34752	0.27798	-0.28146	-0.95955	-0.00704	0.95957	-0.28147	-0.00051	-0.00149	-0.00689	0.99998	
291.03077	337.61766	97.31844	0.35572	-0.05074	-106.34087	0.26329	-0.28135	-0.95958	-0.00621	0.95960	-0.28135	-0.00090	-0.00089	-0.00621	0.99998	
291.03843	337.62215	97.35115	0.30051	-0.05909	-106.33943	0.27477	-0.28133	-0.95960	-0.00532	0.95961	-0.28133	-0.00049	-0.00103	-0.00524	0.99999	
291.02738	337.61593	97.32975	0.30789	-0.04904	-106.33361	0.28109	-0.28123	-0.95963	-0.00540	0.95964	-0.28123	-0.00069	-0.00086	-0.00537	0.99999	
291.03642	337.60972	97.29558	0.33934	-0.07598	-106.33884	0.26872	-0.28132	-0.95960	-0.00606	0.95961	-0.28132	-0.00039	-0.00133	-0.00592	0.99998	
291.04673	337.61442	97.31538	0.32974	-0.07672	-106.34155	0.27633	-0.28136	-0.95958	-0.00590	0.95960	-0.28137	-0.00033	-0.00134	-0.00576	0.99998	
291.03807	337.60406	97.31298	0.31378	-0.05574	-106.35374	0.27912	-0.28157	-0.95953	-0.00553	0.95954	-0.28157	-0.00061	-0.00097	-0.00548	0.99998	
291.02503	337.60721	97.32769	0.34016	-0.06409	-106.34142	0.28492	-0.28136	-0.95958	-0.00601	0.95960	-0.28136	-0.00060	-0.00112	-0.00594	0.99998	
291.04483	337.60411	97.32501	0.35920	-0.05750	-106.34058	0.27103	-0.28135	-0.95959	-0.00630	0.95961	-0.28135	-0.00080	-0.00100	-0.00627	0.99998	
291.03531	337.61461	97.30191	0.32918	-0.06418	-106.34801	0.27461	-0.28147	-0.95955	-0.00583	0.95957	-0.28147	-0.00054	-0.00112	-0.00575	0.99998	
291.04980	337.60551	97.28302	0.35436	-0.08805	-106.34210	0.27270	-0.28137	-0.95958	-0.00637	0.95960	-0.28138	-0.00027	-0.00154	-0.00618	0.99998	
291.03836	337.61757	97.31962	0.28600	-0.06941	-106.33346	0.26987	-0.28123	-0.95963	-0.00513	0.95964	-0.28123	-0.00024	-0.00121	-0.00499	0.99999	
291.05381	337.60107	97.30399	0.32944	-0.04849	-106.35081	0.27442	-0.28152	-0.95954	-0.00576	0.95956	-0.28152	-0.00081	-0.00085	-0.00575	0.99998	
291.02251	337.61026	97.29255	0.35277	-0.07883	-106.35780	0.27599	-0.28163	-0.95950	-0.00630	0.95952	-0.28164	-0.00041	-0.00138	-0.00616	0.99998	
291.04029	337.59936	97.33123	0.32755	-0.05034	-106.32084	0.26480	-0.28102	-0.95969	-0.00573	0.95970	-0.28102	-0.00076	-0.00088	-0.00572	0.99998	
291.02660	337.60895	97.33002	0.34191	-0.08273	-106.34903	0.28488	-0.28149	-0.95955	-0.00613	0.95956	-0.28149	-0.00029	-0.00144	-0.00597	0.99998	
291.02068	337.60038	97.33221	0.32369	-0.06817	-106.35155	0.28329	-0.28153	-0.95954	-0.00576	0.95955	-0.28153	-0.00045	-0.00119	-0.00565	0.99998	
291.04252	337.59480	97.33764	0.19352	-0.03111	-106.32300	0.27726	-0.28105	-0.95969	-0.00339	0.95969	-0.28105	-0.00043	-0.00054	-0.00338	0.99999	
291.03136	337.60901	97.31570	0.25971	-0.05682	-106.34785	0.27097	-0.28147	-0.95956	-0.00463	0.95957	-0.28147	-0.00032	-0.00099	-0.00453	0.99999	
291.03027	337.59720	97.32150	0.35775	-0.06908	-106.34953	0.27933	-0.28150	-0.95954	-0.00633	0.95956	-0.28150	-0.00060	-0.00121	-0.00624	0.99998	
291.03994	337.60894	97.30131	0.32891	-0.05860	-106.35155	0.26086	-0.28153	-0.95953	-0.00580	0.95955	-0.28153	-0.00063	-0.00102	-0.00574	0.99998	
291.05670	337.59441	97.32439	0.24786	-0.02788	-106.32981	0.28608	-0.28117	-0.95965	-0.00429	0.95966	-0.28117	-0.00075	-0.00049	-0.00433	0.99999	
291.02392	337.59430	97.30406	0.34840	-0.04214	-106.34909	0.27010	-0.28149	-0.95955	-0.00604	0.95956	-0.28149	-0.00101	-0.00074	-0.00608	0.99998	
291.02885	337.58568	97.32694	0.27810	-0.05617	-106.34368	0.28116	-0.28140	-0.95958	-0.00493	0.95959	-0.28140	-0.00043	-0.00098	-0.00485	0.99999	
291.04430	337.59168	97.31176	0.28100	-0.05788	-106.34317	0.28720	-0.28139	-0.95958	-0.00499	0.95959	-0.28139	-0.00041	-0.00101	-0.00490	0.99999	
291.03396	337.59481	97.30451	0.34015	-0.05557	-106.34602	0.29332	-0.28144	-0.95956	-0.00597	0.95958	-0.28144	-0.00074	-0.00097	-0.00594	0.99998	
291.04576	337.58943	97.30932	0.24210	-0.04411	-106.34329	0.27776	-0.28139	-0.95958	-0.00427	0.95959	-0.28139	-0.00045	-0.00077	-0.00423	0.99999	
291.03893	337.59012	97.30304	0.32735	-0.05762	-106.33550	0.26827	-0.28126	-0.95961	-0.00577	0.95963	-0.28126	-0.00064	-0.00101	-0.00571	0.99998	
291.04107	337.59922	97.29564	0.30929	-0.07217	-106.34139	0.27148	-0.28136	-0.95959	-0.00553	0.95960	-0.28136	-0.00031	-0.00126	-0.00540	0.99998	
291.04841	337.59632	97.32412	0.33237	-0.07614	-106.33802	0.27765	-0.28130	-0.95960	-0.00594	0.95962	-0.28131	-0.00036	-0.00133	-0.00580	0.99998	
291.06688	337.60061	97.32153	0.35155	-0.08089	-106.33370	0.27293	-0.28123	-0.95962	-0.00629	0.95964	-0.28123	-0.00037	-0.00141	-0.00614	0.99998	
291.03274	337.59000	97.29887	0.39340	-0.06594	-106.36372	0.26696	-0.28173	-0.95947	-0.00691	0.95949	-0.28173	-0.00083	-0.00115	-0.00687	0.99998	
291.07544	337.57602	97.32447	0.31563	-0.05856	-106.32855	0.27231	-0.28114	-0.95965	-0.00557	0.95966	-0.28115	-0.00057	-0.00102	-0.00551	0.99998	
291.04516	337.58479	97.32862	0.34958	-0.05099	-106.33647	0.26762	-0.28128	-0.95961	-0.00611	0.95963	-0.28128	-0.00086	-0.00089	-0.00610	0.99998	
291.04931	337.58262	97.30550	0.34869	-0.05641	-106.34329	0.27177	-0.28139	-0.95957	-0.00612	0.95959	-0.28139	-0.00077	-0.00098	-0.00609	0.99998	
291.02458	337.58551	97.30709	0.31485	-0.06717	-106.34142	0.27346	-0.28136	-0.95959	-0.00560	0.95960	-0.28136	-0.00042	-0.00117	-0.00550	0.99998	
291.04643	337.58260	97.30391	0.32466	-0.05842	-106.34699	0.27243	-0.28145	-0.95956	-0.00572	0.95957	-0.28145	-0.00062	-0.00102	-0.00567	0.99998	
291.02999	337.57291	97.29106	0.30701	-0.04594	-106.34494	0.27936	-0.28142	-0.95957	-0.00537	0.95958	-0.28142	-0.00074	-0.00080	-0.00536	0.99999	
291.04062	337.58945	97.31962	0.28138	-0.05308	-106.32522	0.26602	-0.28109	-0.95967	-0.00497	0.95968	-0.28109	-0.00049	-0.00093	-0.00491	0.99999	
291.05350	337.58127	97.31730	0.31350	-0.07250	-106.34582	0.29015	-0.28143	-0.95956	-0.00561	0.95958	-0.28144	-0.00033	-0.00127	-0.00547	0.99998	
291.03870	337.58352	97.30038	0.31969	-0.07776	-106.33540	0.28081	-0.28126	-0.95961	-0.00574	0.95963	-0.28126	-0.00027	-0.00136	-0.00558	0.99998	
291.04624	337.58041	97.30446	0.27109	-0.06016	-106.33592	0.27294	-0.28127	-0.95962	-0.00484	0.95963	-0.28127	-0.00032	-0.00105	-0.00473	0.99999	
291.04664	337.58419	97.30760	0.36218	-0.05944	-106.35925	0.27953	-0.28166	-0.95949	-0.00636	0.95951	-0.28166	-0.00079	-0.00104	-0.00632	0.99998	
291.04128	337.59242	97.33735	0.19066	-0.05787	-106.33590	0.27810	-0.28127	-0.95962	-0.00348	0.95963	-0.28127	0.00003	-0.00101	-0.00333	0.99999	
291.02493	337.58206	97.28743	0.30798	-0.06099	-106.33902	0.26449	-0.28132	-0.95960	-0.00546	0.95961	-0.28132	-0.00049	-0.00106	-0.00538	0.99998	
291.01543	337.58286	97.29818	0.41001	-0.06081	-106.34465	0.27652	-0.28141	-0.95956	-0.00717	0.95959	-0.28141	-0.00100	-0.00106	-0.00716	0.99997	
291.04630	337.57546	97.31259	0.35925	-0.06172	-106.35368	0.26969	-0.28157	-0.95952	-0.00632	0.95954	-0.28157	-0.00073	-0.00108	-0.00627	0.99998	
291.04702	337.58072	97.30493	0.26236	-0.05786	-106.32426	0.26531	-0.28107	-0.95968	-0.00468	0.95969	-0.28107	-0.00032	-0.00101	-0.00458	0.99999	
291.02131	337.57775	97.30040	0.32658	-0.06548	-106.34804	0.26945	-0.28147	-0.95955	-0.00579	0.95957	-0.28147	-0.00051	-0.00114	-0.00570	0.99998	
291.04845	337.59184	97.29607	0.32090	-0.04973	-106.35827	0.26832	-0.28164	-0.95950	-0.00562	0.95952	-0.28164	-0.00074	-0.00087	-0.00560	0.99998	
291.03565	337.56786	97.28756	0.39559	-0.06606	-106.32854	0.26676	-0.28114	-0.95964	-0.00695	0.95966	-0.28115	-0.00083	-0.00115	-0.00690	0.99998	
291.02541	337.57388	97.29371	0.27929	-0.06706	-106.34038	0.27191	-0.28134	-0.95959	-0.00501	0.95961	-0.28135	-0.00025	-0.00117	-0.00487	0.99999	
291.03487	337.59353	97.30366	0.27834	-0.05508	-106.33134	0.27120	-0.28119	-0.95964	-0.00493	0.95965	-0.28119	-0.00044	-0.00096	-0.00486	0.99999	
291.02269	337.56369	97.31750	0.30266	-0.06934	-106.32437	0.28057	-0.28107	-0.95967	-0.00541	0.95969	-0.28108	-0.00032	-0.00121	-0.00528	0.99999	
291.02591	337.57121	97.30648	0.31717	-0.04986	-106.35886	0.27453	-0.28165	-0.95950	-0.00556	0.95952	-0.28165	-0.00072	-0.00087	-0.00554	0.99998	
291.05159	337.58432	97.31806	0.29927	-0.05862	-106.33929	0.27373	-0.28132	-0.95960	-0.00530	0.95961	-0.28133	-0.00049	-0.00102	-0.00522	0.99999	
291.02904	337.57242	97.30421	0.33417	-0.08789	-106.32740	0.27551	-0.28113	-0.95965	-0.00603	0.95967	-0.28113	-0.00017	-0.00153	-0.00583	0.99998	
291.04532	337.57942	97.32321	0.29076	-0.04364	-106.34636	0.27367	-0.28144	-0.95956	-0.00508	0.95958	-0.28144	-0.00070	-0.00076	-0.00507	0.99999	
291.02638	337.58481	97.31603	0.29348	-0.03931	-106.34807	0.27668	-0.28147	-0.95956	-0.00511	0.95957	-0.28147	-0.00078	-0.00069	-0.00512	0.99999	
291.03931	337.60612	97.31385	0.27296	-0.07099	-106.33759	0.27421	-0.28130	-0.95961	-0.00492	0.95962	-0.28130	-0.00015	-0.00124	-0.00476	0.99999	
291.01788	337.57814	97.26825	0.37006	-0.08186	-106.35443	0.27866	-0.28158	-0.95952	-0.00660	0.95954	-0.28158	-0.00045	-0.00143	-0.00646	0.99998	
291.03470	337.58534	97.32441	0.29189	-0.05465	-106.35512	0.29543	-0.28159	-0.95952	-0.00516	0.95953	-0.28159	-0.00052	-0.00095	-0.00509	0.99999	
291.02862	337.58863	97.30300	0.30062	-0.07073	-106.34115	0.28656	-0.28136	-0.95959	-0.00538	0.95960	-0.28136	-0.00029	-0.00123	-0.00525	0.99999	
291.03124	337.56710	97.30803	0.32387	-0.05366	-106.34822	0.27795	-0.28147	-0.95955	-0.00569	0.95957	-0.28147	-0.00069	-0.00094	-0.00565	0.99998	
291.04088	337.57840	97.30232	0.42044	-0.08924	-106.33923	0.26960	-0.28132	-0.95958	-0.00748	0.95961	-0.28133	-0.00057	-0.00156	-0.00734	0.99997	
291.02178	337.57198	97.31379	0.25639	-0.05966	-106.34621	0.27907	-0.28144	-0.95957	-0.00459	0.95958	-0.28144	-0.00026	-0.00104	-0.00447	0.99999	
291.02441	337.56929	97.30882	0.33187	-0.07608	-106.33296	0.28119	-0.28122	-0.95963	-0.00593	0.95964	-0.28122	-0.00035	-0.00133	-0.00579	0.99998	
291.03808	337.58561	97.33681	0.24633	-0.04190	-106.35072	0.28080	-0.28152	-0.95955	-0.00433	0.95956	-0.28152	-0.00051	-0.00073	-0.00430	0.99999	
291.05806	337.57926	97.31087	0.29919	-0.04428	-106.34112	0.27353	-0.28136	-0.95959	-0.00523	0.95960	-0.28136	-0.00073	-0.00077	-0.00522	0.99999	
291.04296	337.56976	97.28675	0.28350	-0.04351	-106.34518	0.26990	-0.28142	-0.95957	-0.00496	0.95958	-0.28142	-0.00066	-0.00076	-0.00495	0.99999	
291.04160	337.59147	97.32072	0.30766	-0.08995	-106.34669	0.28519	-0.28145	-0.95956	-0.00559	0.95958	-0.28145	-0.00000	-0.00157	-0.00537	0.99998	
291.04933	337.56464	97.31556	0.21886	-0.03745	-106.33770	0.27194	-0.28130	-0.95961	-0.00385	0.95962	-0.28130	-0.00045	-0.00065	-0.00382	0.99999	
291.03363	337.57245	97.31294	0.31408	-0.03984	-106.34538	0.27725	-0.28143	-0.95957	-0.00546	0.95958	-0.28143	-0.00088	-0.00070	-0.00548	0.99998	
291.03858	337.58424	97.32228	0.27852	-0.04358	-106.34785	0.28487	-0.28147	-0.95956	-0.00488	0.95957	-0.28147	-0.00064	-0.00076	-0.00486	0.99999	
291.03497	337.58256	97.28408	0.36216	-0.04833	-106.35641	0.27867	-0.28161	-0.95951	-0.00630	0.95953	-0.28161	-0.00097	-0.00084	-0.00632	0.99998	
291.01424	337.58345	97.28911	0.36520	-0.07806	-106.36818	0.29000	-0.28181	-0.95945	-0.00650	0.95947	-0.28181	-0.00049	-0.00136	-0.00637	0.99998	
291.04940	337.58776	97.31671	0.29960	-0.05624	-106.33662	0.26848	-0.28128	-0.95961	-0.00529	0.95963	-0.28128	-0.00053	-0.00098	-0.00523	0.99999	
291.04029	337.58604	97.30630	0.33186	-0.07907	-106.33212	0.27554	-0.28120	-0.95963	-0.00595	0.95965	-0.28121	-0.00030	-0.00138	-0.00579	0.99998	
291.02735	337.58941	97.28373	0.35793	-0.07652	-106.37191	0.28096	-0.28187	-0.95943	-0.00637	0.95945	-0.28187	-0.00048	-0.00134	-0.00625	0.99998	
291.05051	337.58299	97.32323	0.35965	-0.07648	-106.35257	0.29819	-0.28155	-0.95953	-0.00640	0.95955	-0.28155	-0.00049	-0.00133	-0.00628	0.99998	
291.04949	337.58300	97.31269	0.25817	-0.06141	-106.34785	0.27997	-0.28147	-0.95956	-0.00463	0.95957	-0.28147	-0.00024	-0.00107	-0.00451	0.99999	
291.03511	337.57371	97.30438	0.34673	-0.07420	-106.34753	0.28262	-0.28146	-0.95955	-0.00617	0.95957	-0.28147	-0.00046	-0.00129	-0.00605	0.99998	
291.02759	337.58098	97.31231	0.24835	-0.04045	-106.35723	0.28910	-0.28163	-0.95951	-0.00436	0.95952	-0.28163	-0.00054	-0.00071	-0.00433	0.99999	
291.02429	337.58284	97.30392	0.33831	-0.08053	-106.35071	0.28187	-0.28152	-0.95954	-0.00606	0.95956	-0.28152	-0.00031	-0.00141	-0.00590	0.99998	
291.04870	337.58104	97.29917	0.33364	-0.04889	-106.33238	0.26256	-0.28121	-0.95963	-0.00583	0.95965	-0.28121	-0.00082	-0.00085	-0.00582	0.99998	
291.04497	337.57493	97.29689	0.35187	-0.06193	-106.34834	0.28463	-0.28148	-0.95955	-0.00620	0.95957	-0.28148	-0.00069	-0.00108	-0.00614	0.99998	
291.04623	337.58918	97.30597	0.33289	-0.07484	-106.34138	0.26709	-0.28136	-0.95958	-0.00594	0.95960	-0.28136	-0.00038	-0.00131	-0.00581	0.99998	
291.04650	337.58344	97.31260	0.32783	-0.05882	-106.33876	0.28087	-0.28132	-0.95960	-0.00578	0.95961	-0.28132	-0.00062	-0.00103	-0.00572	0.99998	
291.06020	337.58070	97.30666	0.32420	-0.06399	-106.34769	0.27043	-0.28147	-0.95955	-0.00574	0.95957	-0.28147	-0.00052	-0.00112	-0.00566	0.99998	
291.05087	337.58403	97.30772	0.30663	-0.05008	-106.34299	0.27830	-0.28139	-0.95958	-0.00538	0.95959	-0.28139	-0.00067	-0.00087	-0.00535	0.99999	
291.03126	337.57102	97.28881	0.35463	-0.04107	-106.35044	0.26651	-0.28151	-0.95954	-0.00614	0.95956	-0.28151	-0.00105	-0.00072	-0.00619	0.99998	
291.03813	337.58313	97.31114	0.29660	-0.06030	-106.34296	0.28772	-0.28139	-0.95958	-0.00526	0.95959	-0.28139	-0.00045	-0.00105	-0.00518	0.99999	
291.02402	337.57501	97.30477	0.31266	-0.06049	-106.34866	0.26313	-0.28148	-0.95955	-0.00553	0.95957	-0.28148	-0.00052	-0.00106	-0.00546	0.99998	
291.04195	337.56726	97.29224	0.32726	-0.05266	-106.34188	0.27848	-0.28137	-0.95958	-0.00574	0.95960	-0.28137	-0.00073	-0.00092	-0.00571	0.99998	
291.03691	337.58426	97.30429	0.37214	-0.07870	-106.34588	0.27633	-0.28143	-0.95956	-0.00662	0.95958	-0.28144	-0.00051	-0.00137	-0.00649	0.99998	
291.03480	337.57507	97.32303	0.36468	-0.07071	-106.33993	0.27485	-0.28134	-0.95959	-0.00645	0.95961	-0.28134	-0.00061	-0.00123	-0.00636	0.99998	
291.03649	337.58241	97.32168	0.27019	-0.04872	-106.34940	0.27707	-0.28149	-0.95955	-0.00476	0.95956	-0.28149	-0.00051	-0.00085	-0.00472	0.99999	
291.03190	337.57303	97.29694	0.33648	-0.07411	-106.33884	0.27460	-0.28132	-0.95960	-0.00600	0.95961	-0.28132	-0.00041	-0.00129	-0.00587	0.99998	
291.02590	337.57215	97.33187	0.30095	-0.03873	-106.34264	0.29196	-0.28138	-0.95958	-0.00523	0.95960	-0.28138	-0.00083	-0.00068	-0.00525	0.99999	
291.04924	337.58616	97.29711	0.32644	-0.06932	-106.32919	0.26643	-0.28116	-0.95964	-0.00581	0.95966	-0.28116	-0.00044	-0.00121	-0.00570	0.99998	
291.03190	337.56842	97.29859	0.32890	-0.03481	-106.34121	0.26414	-0.28136	-0.95959	-0.00568	0.95960	-0.28136	-0.00103	-0.00061	-0.00574	0.99998	
291.04359	337.58340	97.31004	0.27035	-0.06581	-106.32671	0.28535	-0.28111	-0.95966	-0.00485	0.95967	-0.28112	-0.00022	-0.00115	-0.00472	0.99999	
291.03036	337.56306	97.31287	0.28560	-0.04977	-106.35146	0.28272	-0.28153	-0.95954	-0.00503	0.95955	-0.28153	-0.00057	-0.00087	-0.00498	0.99999	
291.04118	337.58820	97.31955	0.29286	-0.02858	-106.35304	0.26950	-0.28156	-0.95953	-0.00504	0.95954	-0.28155	-0.00096	-0.00050	-0.00511	0.99999	
291.04246	337.58418	97.30769	0.35116	-0.06812	-106.34438	0.26496	-0.28141	-0.95957	-0.00622	0.95959	-0.28141	-0.00058	-0.00119	-0.00613	0.99998	
291.05897	337.56962	97.32406	0.30690	-0.05749	-106.33029	0.28152	-0.28117	-0.95964	-0.00542	0.95966	-0.28118	-0.00054	-0.00100	-0.00536	0.99999	
291.01788	337.58377	97.29927	0.32402	-0.07695	-106.35743	0.27517	-0.28163	-0.95951	-0.00580	0.95952	-0.28163	-0.00030	-0.00134	-0.00566	0.99998	
291.03872	337.57735	97.32111	0.29426	-0.03164	-106.34719	0.26546	-0.28146	-0.95956	-0.00508	0.95957	-0.28146	-0.00092	-0.00055	-0.00514	0.99999	
291.03779	337.57586	97.30282	0.29075	-0.06528	-106.34510	0.27547	-0.28142	-0.95957	-0.00519	0.95958	-0.28142	-0.00033	-0.00114	-0.00507	0.99999	
291.04187	337.57466	97.31002	0.27498	-0.04389	-106.33969	0.27449	-0.28133	-0.95960	-0.00482	0.95961	-0.28133	-0.00062	-0.00077	-0.00480	0.99999	
291.03954	337.58604	97.30440	0.33709	-0.06998	-106.33519	0.28369	-0.28126	-0.95961	-0.00599	0.95963	-0.28126	-0.00048	-0.00122	-0.00588	0.99998	
291.05482	337.57699	97.30415	0.27744	-0.03768	-106.34682	0.29066	-0.28145	-0.95956	-0.00483	0.95958	-0.28145	-0.00073	-0.00066	-0.00484	0.99999	
291.04413	337.59608	97.31245	0.35371	-0.06359	-106.35201	0.28103	-0.28154	-0.95953	-0.00624	0.95955	-0.28154	-0.00067	-0.00111	-0.00617	0.99998	
291.04516	337.57693	97.30681	0.27758	-0.04035	-106.33971	0.27467	-0.28133	-0.95960	-0.00485	0.95961	-0.28133	-0.00069	-0.00070	-0.00484	0.99999	
291.01993	337.59488	97.29832	0.32429	-0.08455	-106.33329	0.27866	-0.28122	-0.95962	-0.00585	0.95964	-0.28123	-0.00018	-0.00148	-0.00566	0.99998	
291.02708	337.57118	97.31408	0.29074	-0.06305	-106.35410	0.29060	-0.28157	-0.95953	-0.00518	0.95954	-0.28157	-0.00037	-0.00110	-0.00507	0.99999	
291.02568	337.57920	97.28330	0.35511	-0.10000	-106.34660	0.28479	-0.28145	-0.95956	-0.00644	0.95958	-0.28145	-0.00007	-0.00175	-0.00620	0.99998	
291.05161	337.58470	97.32057	0.33969	-0.06195	-106.35014	0.27163	-0.28151	-0.95954	-0.00599	0.95956	-0.28151	-0.00063	-0.00108	-0.00593	0.99998	
291.04394	337.57405	97.30731	0.25036	-0.04676	-106.34497	0.27994	-0.28142	-0.95957	-0.00442	0.95958	-0.28142	-0.00045	-0.00082	-0.00437	0.99999	
291.04535	337.59614	97.30144	0.30894	-0.07356	-106.34615	0.26453	-0.28144	-0.95956	-0.00554	0.95958	-0.28144	-0.00029	-0.00128	-0.00539	0.99998	
291.03816	337.58187	97.30078	0.33982	-0.06926	-106.34438	0.28016	-0.28141	-0.95957	-0.00603	0.95959	-0.28141	-0.00051	-0.00121	-0.00593	0.99998	
291.02524	337.57395	97.31586	0.24963	-0.04586	-106.34801	0.28496	-0.28147	-0.95956	-0.00441	0.95957	-0.28147	-0.00046	-0.00080	-0.00436	0.99999	
291.03227	337.56977	97.28821	0.39739	-0.07896	-106.34415	0.27723	-0.28141	-0.95956	-0.00704	0.95959	-0.28141	-0.00063	-0.00138	-0.00694	0.99998	
291.04983	337.58139	97.31911	0.25610	-0.06029	-106.34186	0.28532	-0.28137	-0.95959	-0.00459	0.95960	-0.28137	-0.00025	-0.00105	-0.00447	0.99999	
291.03527	337.58566	97.32520	0.20434	-0.03458	-106.33506	0.27415	-0.28125	-0.95963	-0.00359	0.95963	-0.28125	-0.00042	-0.00060	-0.00357	0.99999	
291.04682	337.57816	97.33014	0.32505	-0.06878	-106.33302	0.28571	-0.28122	-0.95963	-0.00578	0.95964	-0.28122	-0.00044	-0.00120	-0.00567	0.99998	
291.03595	337.59383	97.30146	0.29821	-0.08920	-106.33936	0.28623	-0.28133	-0.95960	-0.00543	0.95961	-0.28133	0.00003	-0.00156	-0.00520	0.99999	
291.04949	337.57213	97.30714	0.31664	-0.08014	-106.34363	0.28734	-0.28140	-0.95957	-0.00570	0.95959	-0.28140	-0.00021	-0.00140	-0.00553	0.99998	
291.02674	337.56985	97.30496	0.30079	-0.07547	-106.32417	0.28318	-0.28107	-0.95967	-0.00541	0.95969	-0.28107	-0.00021	-0.00132	-0.00525	0.99999	
291.05581	337.57712	97.29371	0.32029	-0.06051	-106.34895	0.26600	-0.28149	-0.95955	-0.00566	0.95956	-0.28149	-0.00056	-0.00106	-0.00559	0.99998	
291.02984	337.58871	97.33033	0.32411	-0.06773	-106.33659	0.28180	-0.28128	-0.95961	-0.00576	0.95963	-0.28128	-0.00046	-0.00118	-0.00566	0.99998	
291.04091	337.59263	97.29977	0.37866	-0.07399	-106.35795	0.27781	-0.28164	-0.95950	-0.00671	0.95952	-0.28164	-0.00062	-0.00129	-0.00661	0.99998	
291.00487	337.57430	97.28792	0.34079	-0.06841	-106.34403	0.28276	-0.28140	-0.95957	-0.00604	0.95959	-0.28141	-0.00053	-0.00119	-0.00595	0.99998	
291.03005	337.57607	97.32404	0.29566	-0.04411	-106.34064	0.27122	-0.28135	-0.95959	-0.00517	0.95961	-0.28135	-0.00071	-0.00077	-0.00516	0.99999	
291.02340	337.58340	97.32944	0.31403	-0.03692	-106.34219	0.27908	-0.28137	-0.95958	-0.00544	0.95960	-0.28137	-0.00092	-0.00064	-0.00548	0.99998	
291.05106	337.59348	97.29934	0.30624	-0.09154	-106.34212	0.28005	-0.28137	-0.95958	-0.00558	0.95960	-0.28138	0.00003	-0.00160	-0.00534	0.99998	
291.04204	337.58613	97.29495	0.33767	-0.04953	-106.34148	0.27783	-0.28136	-0.95958	-0.00590	0.95960	-0.28136	-0.00083	-0.00086	-0.00589	0.99998	
291.05408	337.56466	97.31733	0.28059	-0.03108	-106.33128	0.27309	-0.28119	-0.95964	-0.00485	0.95965	-0.28119	-0.00086	-0.00054	-0.00490	0.99999	
291.04411	337.59769	97.32593	0.28033	-0.05425	-106.33526	0.27585	-0.28126	-0.95962	-0.00496	0.95963	-0.28126	-0.00047	-0.00095	-0.00489	0.99999	
291.03362	337.58625	97.31665	0.25872	-0.04290	-106.35527	0.28039	-0.28159	-0.95952	-0.00454	0.95953	-0.28159	-0.00055	-0.00075	-0.00452	0.99999	
291.03887	337.57645	97.28655	0.31423	-0.04737	-106.35680	0.26685	-0.28162	-0.95951	-0.00550	0.95953	-0.28162	-0.00075	-0.00083	-0.00548	0.99998	
291.05856	337.58286	97.32192	0.28232	-0.04471	-106.33984	0.27789	-0.28133	-0.95960	-0.00495	0.95961	-0.28133	-0.00064	-0.00078	-0.00493	0.99999	
291.04133	337.58804	97.29216	0.32199	-0.07781	-106.35267	0.27765	-0.28155	-0.95953	-0.00577	0.95955	-0.28155	-0.00028	-0.00136	-0.00562	0.99998	
291.03064	337.58782	97.30877	0.36719	-0.08271	-106.35284	0.28032	-0.28155	-0.95952	-0.00656	0.95955	-0.28155	-0.00042	-0.00144	-0.00641	0.99998	
291.03447	337.57202	97.29545	0.37303	-0.07115	-106.33280	0.26943	-0.28122	-0.95962	-0.00660	0.95964	-0.28122	-0.00064	-0.00124	-0.00651	0.99998	
291.05467	337.57345	97.30598	0.40126	-0.09733	-106.33086	0.28922	-0.28118	-0.95963	-0.00720	0.95965	-0.28119	-0.00034	-0.00170	-0.00700	0.99997	
291.02017	337.57253	97.31575	0.30153	-0.04281	-106.35191	0.26765	-0.28154	-0.95954	-0.00526	0.95955	-0.28154	-0.00076	-0.00075	-0.00526	0.99999	
291.04354	337.59569	97.32683	0.25990	-0.04116	-106.35191	0.27827	-0.28154	-0.95954	-0.00455	0.95955	-0.28154	-0.00059	-0.00072	-0.00454	0.99999	
291.04522	337.57714	97.31577	0.28489	-0.04874	-106.33675	0.27363	-0.28128	-0.95961	-0.00501	0.95962	-0.28128	-0.00058	-0.00085	-0.00497	0.99999	
291.00978	337.57131	97.31028	0.35955	-0.04979	-106.33634	0.28188	-0.28128	-0.95961	-0.00627	0.95963	-0.28128	-0.00093	-0.00087	-0.00628	0.99998	
291.04494	337.57228	97.32001	0.27895	-0.03131	-106.33240	0.27509	-0.28121	-0.95963	-0.00483	0.95965	-0.28121	-0.00084	-0.00055	-0.00487	0.99999	
291.03734	337.58643	97.32569	0.26458	-0.05939	-106.33682	0.27438	-0.28128	-0.95961	-0.00472	0.95962	-0.28129	-0.00030	-0.00104	-0.00462	0.99999	
291.02044	337.57698	97.28892	0.30852	-0.06076	-106.33723	0.27260	-0.28129	-0.95961	-0.00547	0.95962	-0.28129	-0.00050	-0.00106	-0.00538	0.99998	
291.04518	337.59003	97.30854	0.25052	-0.06197	-106.33617	0.27431	-0.28127	-0.95962	-0.00450	0.95963	-0.28127	-0.00019	-0.00108	-0.00437	0.99999	
291.02316	337.58207	97.30034	0.33784	-0.06678	-106.33976	0.27358	-0.28133	-0.95959	-0.00599	0.95961	-0.28133	-0.00054	-0.00117	-0.00590	0.99998	
291.02454	337.58205	97.31790	0.27217	-0.06280	-106.33999	0.27371	-0.28134	-0.95960	-0.00487	0.95961	-0.28134	-0.00028	-0.00110	-0.00475	0.99999	
291.01485	337.59117	97.28969	0.34371	-0.07404	-106.35566	0.27629	-0.28160	-0.95951	-0.00612	0.95953	-0.28160	-0.00045	-0.00129	-0.00600	0.99998	
291.04892	337.59523	97.33261	0.21674	-0.04540	-106.35249	0.27454	-0.28155	-0.95954	-0.00385	0.95955	-0.28155	-0.00030	-0.00079	-0.00378	0.99999	
291.03333	337.59523	97.29642	0.34333	-0.09012	-106.34889	0.27017	-0.28149	-0.95955	-0.00619	0.95956	-0.28149	-0.00018	-0.00157	-0.00599	0.99998	
291.04739	337.59545	97.32026	0.27952	-0.06435	-106.34042	0.28852	-0.28134	-0.95959	-0.00500	0.95961	-0.28135	-0.00029	-0.00112	-0.00488	0.99999	
291.03169	337.59163	97.32709	0.31534	-0.05719	-106.35451	0.28541	-0.28158	-0.95952	-0.00556	0.95954	-0.28158	-0.00059	-0.00100	-0.00550	0.99998	
291.01338	337.58668	97.30527	0.33524	-0.05188	-106.35329	0.27275	-0.28156	-0.95953	-0.00587	0.95954	-0.28156	-0.00078	-0.00091	-0.00585	0.99998	
291.03513	337.58700	97.30735	0.30827	-0.08085	-106.33595	0.27438	-0.28127	-0.95961	-0.00556	0.95963	-0.28127	-0.00016	-0.00141	-0.00538	0.99998	
291.05445	337.58807	97.32013	0.28979	-0.04242	-106.34454	0.27267	-0.28141	-0.95957	-0.00506	0.95959	-0.28141	-0.00071	-0.00074	-0.00506	0.99999	
291.04967	337.57200	97.32903	0.27880	-0.04037	-106.32774	0.27234	-0.28113	-0.95966	-0.00487	0.95967	-0.28113	-0.00069	-0.00070	-0.00487	0.99999	
291.03738	337.57983	97.29722	0.34485	-0.07384	-106.33608	0.26826	-0.28127	-0.95961	-0.00614	0.95963	-0.28127	-0.00046	-0.00129	-0.00602	0.99998	
291.04417	337.58105	97.30203	0.29213	-0.05169	-106.33456	0.27269	-0.28125	-0.95962	-0.00515	0.95964	-0.28125	-0.00057	-0.00090	-0.00510	0.99999	
291.02565	337.57719	97.29107	0.34296	-0.04825	-106.34534	0.27466	-0.28143	-0.95956	-0.00598	0.95958	-0.28143	-0.00088	-0.00084	-0.00599	0.99998	
291.03153	337.59215	97.29443	0.30511	-0.03363	-106.35213	0.26470	-0.28154	-0.95954	-0.00527	0.95955	-0.28154	-0.00094	-0.00059	-0.00533	0.99999	
291.01639	337.60262	97.28624	0.35457	-0.07541	-106.35778	0.28630	-0.28163	-0.95950	-0.00631	0.95952	-0.28164	-0.00048	-0.00132	-0.00619	0.99998	
291.00534	337.57292	97.31354	0.26364	-0.03230	-106.34425	0.27166	-0.28141	-0.95958	-0.00457	0.95959	-0.28141	-0.00075	-0.00056	-0.00460	0.99999	
291.01512	337.57746	97.31276	0.34583	-0.04162	-106.35265	0.27655	-0.28155	-0.95953	-0.00600	0.95955	-0.28155	-0.00100	-0.00073	-0.00604	0.99998	
291.05608	337.58523	97.33011	0.28694	-0.05220	-106.34108	0.27236	-0.28135	-0.95959	-0.00506	0.95960	-0.28136	-0.00053	-0.00091	-0.00501	0.99999	
291.04543	337.56701	97.31190	0.30487	-0.05535	-106.34785	0.27380	-0.28147	-0.95956	-0.00538	0.95957	-0.28147	-0.00057	-0.00097	-0.00532	0.99999	
291.03434	337.59050	97.31213	0.28963	-0.03707	-106.35262	0.26265	-0.28155	-0.95953	-0.00503	0.95955	-0.28155	-0.00080	-0.00065	-0.00505	0.99999	
291.04376	337.58431	97.32417	0.31420	-0.05623	-106.33546	0.28983	-0.28126	-0.95962	-0.00554	0.95963	-0.28126	-0.00060	-0.00098	-0.00548	0.99998	
291.03193	337.58280	97.30862	0.27734	-0.03990	-106.34890	0.27674	-0.28149	-0.95955	-0.00484	0.95957	-0.28149	-0.00069	-0.00070	-0.00484	0.99999	
291.03438	337.58834	97.30465	0.32110	-0.06764	-106.32855	0.27307	-0.28114	-0.95965	-0.00571	0.95966	-0.28115	-0.00044	-0.00118	-0.00560	0.99998	
291.00284	337.57171	97.30586	0.24473	-0.04462	-106.35951	0.28507	-0.28166	-0.95950	-0.00432	0.95951	-0.28166	-0.00046	-0.00078	-0.00427	0.99999	
291.03533	337.57884	97.31931	0.29093	-0.05579	-106.34312	0.26912	-0.28139	-0.95958	-0.00515	0.95959	-0.28139	-0.00049	-0.00097	-0.00508	0.99999	
291.02217	337.57233	97.31939	0.30753	-0.06438	-106.34203	0.28249	-0.28137	-0.95958	-0.00547	0.95960	-0.28137	-0.00043	-0.00112	-0.00537	0.99998	
291.01678	337.56603	97.30897	0.24940	-0.06551	-106.33159	0.27267	-0.28120	-0.95964	-0.00450	0.95965	-0.28120	-0.00013	-0.00114	-0.00435	0.99999	
291.00526	337.56830	97.31079	0.33394	-0.06493	-106.35086	0.28500	-0.28152	-0.95954	-0.00591	0.95956	-0.28152	-0.00055	-0.00113	-0.00583	0.99998	
291.02383	337.57475	97.33192	0.28776	-0.06521	-106.34429	0.28090	-0.28141	-0.95957	-0.00514	0.95959	-0.28141	-0.00032	-0.00114	-0.00502	0.99999	
291.03955	337.57908	97.28814	0.27768	-0.06223	-106.34899	0.28131	-0.28149	-0.95955	-0.00496	0.95956	-0.28149	-0.00032	-0.00109	-0.00485	0.99999	
291.02217	337.58208	97.27729	0.35271	-0.07024	-106.35952	0.27458	-0.28166	-0.95949	-0.00625	0.95951	-0.28167	-0.00056	-0.00123	-0.00616	0.99998	
291.03793	337.55667	97.31263	0.29368	-0.07600	-106.33090	0.27848	-0.28118	-0.95964	-0.00529	0.95965	-0.28119	-0.00017	-0.00133	-0.00513	0.99999	
291.03170	337.56199	97.31500	0.29867	-0.07287	-106.33505	0.28883	-0.28125	-0.95962	-0.00536	0.95963	-0.28126	-0.00025	-0.00127	-0.00521	0.99999	
291.03015	337.56637	97.32791	0.28878	-0.07069	-106.34233	0.27779	-0.28138	-0.95958	-0.00518	0.95960	-0.28138	-0.00023	-0.00123	-0.00504	0.99999	
291.02896	337.56837	97.31369	0.25743	-0.04915	-106.34641	0.28707	-0.28144	-0.95957	-0.00455	0.95958	-0.28144	-0.00044	-0.00086	-0.00449	0.99999	
291.02408	337.58830	97.34116	0.32260	-0.07055	-106.34586	0.27588	-0.28143	-0.95956	-0.00575	0.95958	-0.28144	-0.00040	-0.00123	-0.00563	0.99998	
291.02015	337.57720	97.30647	0.32410	-0.06112	-106.34279	0.27563	-0.28138	-0.95958	-0.00573	0.95959	-0.28138	-0.00057	-0.00107	-0.00566	0.99998	
291.04427	337.56434	97.30667	0.33697	-0.05258	-106.34261	0.26791	-0.28138	-0.95958	-0.00590	0.95960	-0.28138	-0.00077	-0.00092	-0.00588	0.99998	
291.04345	337.57678	97.30634	0.32428	-0.05580	-106.33858	0.26906	-0.28131	-0.95960	-0.00571	0.95962	-0.28131	-0.00066	-0.00097	-0.00566	0.99998	
291.02596	337.57241	97.33395	0.28324	-0.05038	-106.33839	0.28073	-0.28131	-0.95960	-0.00499	0.95962	-0.28131	-0.00055	-0.00088	-0.00494	0.99999	
291.02580	337.56340	97.30036	0.30778	-0.05317	-106.35430	0.27848	-0.28158	-0.95952	-0.00542	0.95954	-0.28158	-0.00062	-0.00093	-0.00537	0.99999	
291.03601	337.56242	97.32881	0.31785	-0.07791	-106.33639	0.28418	-0.28128	-0.95961	-0.00571	0.95963	-0.28128	-0.00026	-0.00136	-0.00555	0.99998	
291.04363	337.58006	97.32222	0.33218	-0.06481	-106.33904	0.28115	-0.28132	-0.95960	-0.00588	0.95961	-0.28132	-0.00055	-0.00113	-0.00580	0.99998	
291.04537	337.58714	97.31479	0.31258	-0.06370	-106.33356	0.27277	-0.28123	-0.95962	-0.00555	0.95964	-0.28123	-0.00047	-0.00111	-0.00546	0.99998	
291.04082	337.57734	97.31009	0.32024	-0.07413	-106.34366	0.27368	-0.28140	-0.95957	-0.00573	0.95959	-0.28140	-0.00033	-0.00129	-0.00559	0.99998	
291.04767	337.58446	97.30652	0.30159	-0.06017	-106.34752	0.27139	-0.28146	-0.95956	-0.00535	0.95957	-0.28146	-0.00047	-0.00105	-0.00526	0.99999	
291.04099	337.58428	97.30543	0.33262	-0.05941	-106.34760	0.26330	-0.28146	-0.95955	-0.00586	0.95957	-0.28147	-0.00064	-0.00104	-0.00581	0.99998	
291.04641	337.58138	97.29520	0.29109	-0.06877	-106.33348	0.27227	-0.28123	-0.95963	-0.00521	0.95964	-0.28123	-0.00028	-0.00120	-0.00508	0.99999	
291.05654	337.57180	97.32633	0.26810	-0.04160	-106.33656	0.27356	-0.28128	-0.95961	-0.00469	0.95963	-0.28128	-0.00062	-0.00073	-0.00468	0.99999	
291.04019	337.57075	97.32628	0.26911	-0.03356	-106.33821	0.27597	-0.28131	-0.95961	-0.00467	0.95962	-0.28131	-0.00076	-0.00059	-0.00470	0.99999	
291.02478	337.58147	97.32471	0.31120	-0.07925	-106.34428	0.27812	-0.28141	-0.95957	-0.00560	0.95959	-0.28141	-0.00020	-0.00138	-0.00543	0.99998	
291.00366	337.56695	97.29914	0.31238	-0.06245	-106.34791	0.27060	-0.28147	-0.95955	-0.00554	0.95957	-0.28147	-0.00049	-0.00109	-0.00545	0.99998	
291.04909	337.57888	97.33922	0.24804	-0.03293	-106.32822	0.26843	-0.28114	-0.95966	-0.00432	0.95967	-0.28114	-0.00067	-0.00057	-0.00433	0.99999	
291.04213	337.58554	97.30857	0.29927	-0.07014	-106.34900	0.28481	-0.28149	-0.95955	-0.00536	0.95956	-0.28149	-0.00030	-0.00122	-0.00522	0.99999	
291.02642	337.58169	97.32748	0.29464	-0.05621	-106.34412	0.28617	-0.28141	-0.95957	-0.00521	0.95959	-0.28141	-0.00051	-0.00098	-0.00514	0.99999	
291.03620	337.58451	97.34241	0.30417	-0.05087	-106.33325	0.26234	-0.28122	-0.95963	-0.00534	0.95964	-0.28122	-0.00064	-0.00089	-0.00531	0.99999	
291.02178	337.58705	97.31598	0.26391	-0.04522	-106.33636	0.25513	-0.28128	-0.95962	-0.00464	0.95963	-0.28128	-0.00054	-0.00079	-0.00461	0.99999	
291.00344	337.57910	97.31366	0.28802	-0.05520	-106.34758	0.27827	-0.28146	-0.95956	-0.00509	0.95957	-0.28146	-0.00049	-0.00096	-0.00503	0.99999	
291.02900	337.58959	97.33495	0.23257	-0.05182	-106.33261	0.28234	-0.28121	-0.95964	-0.00415	0.95964	-0.28121	-0.00027	-0.00090	-0.00406	0.99999	
291.04372	337.58241	97.32268	0.29060	-0.03053	-106.34053	0.27153	-0.28135	-0.95959	-0.00502	0.95961	-0.28134	-0.00092	-0.00053	-0.00507	0.99999	
291.04793	337.58273	97.30862	0.25428	-0.05968	-106.33369	0.28417	-0.28123	-0.95963	-0.00455	0.95964	-0.28123	-0.00025	-0.00104	-0.00444	0.99999	
291.05068	337.58872	97.33980	0.27053	-0.02329	-106.36174	0.27737	-0.28170	-0.95949	-0.00464	0.95950	-0.28170	-0.00094	-0.00041	-0.00472	0.99999	
291.04186	337.57399	97.32177	0.22701	-0.03244	-106.34006	0.27614	-0.28134	-0.95960	-0.00396	0.95961	-0.28134	-0.00057	-0.00057	-0.00396	0.99999	
291.01388	337.57713	97.31176	0.27358	-0.05260	-106.34126	0.28452	-0.28136	-0.95959	-0.00484	0.95960	-0.28136	-0.00046	-0.00092	-0.00477	0.99999	
291.02799	337.57246	97.31340	0.30899	-0.06116	-106.33119	0.27114	-0.28119	-0.95964	-0.00548	0.95965	-0.28119	-0.00049	-0.00107	-0.00539	0.99998	
291.01740	337.57955	97.28213	0.40211	-0.07239	-106.35722	0.27875	-0.28162	-0.95950	-0.00709	0.95952	-0.28163	-0.00076	-0.00126	-0.00702	0.99997	
291.02848	337.58043	97.31918	0.23933	-0.04909	-106.34103	0.28653	-0.28135	-0.95959	-0.00425	0.95960	-0.28135	-0.00035	-0.00086	-0.00418	0.99999	
291.03604	337.57288	97.31214	0.30427	-0.03602	-106.34073	0.26851	-0.28135	-0.95959	-0.00527	0.95961	-0.28135	-0.00089	-0.00063	-0.00531	0.99999	
291.02579	337.59085	97.31274	0.32590	-0.06458	-106.35214	0.26757	-0.28154	-0.95953	-0.00578	0.95955	-0.28154	-0.00052	-0.00113	-0.00569	0.99998	
291.01938	337.58310	97.30930	0.26194	-0.06560	-106.35056	0.28750	-0.28151	-0.95955	-0.00471	0.95956	-0.28152	-0.00019	-0.00114	-0.00457	0.99999	
291.03565	337.57267	97.31688	0.32285	-0.05043	-106.32291	0.26914	-0.28105	-0.95968	-0.00566	0.95969	-0.28105	-0.00074	-0.00088	-0.00563	0.99998	
291.01776	337.57207	97.32707	0.30667	-0.05512	-106.34290	0.28100	-0.28139	-0.95958	-0.00541	0.95959	-0.28139	-0.00058	-0.00096	-0.00535	0.99999	
291.04093	337.56956	97.31490	0.30229	-0.05344	-106.32178	0.29231	-0.28103	-0.95968	-0.00533	0.95970	-0.28103	-0.00059	-0.00093	-0.00528	0.99999	
291.02576	337.57965	97.28289	0.36004	-0.06544	-106.34628	0.27360	-0.28144	-0.95956	-0.00635	0.95958	-0.28144	-0.00067	-0.00114	-0.00628	0.99998	
291.02221	337.58134	97.30831	0.29552	-0.07713	-106.34732	0.29308	-0.28146	-0.95956	-0.00533	0.95957	-0.28146	-0.00016	-0.00135	-0.00516	0.99999	
291.03039	337.58198	97.32533	0.32369	-0.05810	-106.34726	0.28321	-0.28146	-0.95956	-0.00571	0.95957	-0.28146	-0.00062	-0.00101	-0.00565	0.99998	
291.03442	337.58814	97.29187	0.33607	-0.07935	-106.35280	0.27367	-0.28155	-0.95953	-0.00602	0.95955	-0.28155	-0.00032	-0.00138	-0.00587	0.99998	
291.04217	337.59116	97.30737	0.30036	-0.04683	-106.33607	0.27660	-0.28127	-0.95961	-0.00526	0.95963	-0.28127	-0.00069	-0.00082	-0.00524	0.99999	
291.03597	337.57485	97.30875	0.23183	-0.06196	-106.33178	0.28434	-0.28120	-0.95964	-0.00419	0.95965	-0.28120	-0.00010	-0.00108	-0.00405	0.99999	
291.02051	337.56148	97.31204	0.26869	-0.02315	-106.33791	0.26889	-0.28130	-0.95961	-0.00461	0.95962	-0.28130	-0.00093	-0.00040	-0.00469	0.99999	
291.01743	337.58633	97.31041	0.26457	-0.05274	-106.32590	0.26389	-0.28110	-0.95967	-0.00469	0.95968	-0.28110	-0.00041	-0.00092	-0.00462	0.99999	
291.03693	337.58878	97.29737	0.34809	-0.04767	-106.33856	0.28043	-0.28131	-0.95960	-0.00606	0.95962	-0.28131	-0.00091	-0.00083	-0.00608	0.99998	
291.04615	337.58799	97.29560	0.29818	-0.04286	-106.34771	0.26602	-0.28147	-0.95956	-0.00520	0.95957	-0.28147	-0.00075	-0.00075	-0.00520	0.99999	
291.03153	337.57447	97.33043	0.18251	-0.01165	-106.33141	0.28384	-0.28119	-0.95965	-0.00311	0.95965	-0.28119	-0.00070	-0.00020	-0.00319	0.99999	
291.02574	337.57706	97.29803	0.31227	-0.07583	-106.35469	0.27484	-0.28158	-0.95952	-0.00560	0.95954	-0.28159	-0.00026	-0.00132	-0.00545	0.99998	
291.02084	337.56134	97.31760	0.29102	-0.02852	-106.33837	0.27544	-0.28131	-0.95960	-0.00501	0.95962	-0.28131	-0.00095	-0.00050	-0.00508	0.99999	
291.02480	337.57072	97.29781	0.33607	-0.05107	-106.33858	0.26948	-0.28131	-0.95960	-0.00588	0.95962	-0.28131	-0.00079	-0.00089	-0.00587	0.99998	
291.02525	337.58628	97.31123	0.30761	-0.07727	-106.33208	0.26964	-0.28120	-0.95963	-0.00553	0.95965	-0.28121	-0.00022	-0.00135	-0.00537	0.99998	
291.02938	337.58558	97.30377	0.30643	-0.04464	-106.34273	0.27527	-0.28138	-0.95958	-0.00535	0.95960	-0.28138	-0.00076	-0.00078	-0.00535	0.99999	
291.03110	337.57636	97.30070	0.27459	-0.04936	-106.34371	0.28231	-0.28140	-0.95958	-0.00484	0.95959	-0.28140	-0.00052	-0.00086	-0.00479	0.99999	
291.01758	337.58885	97.30093	0.31674	-0.08152	-106.34892	0.28893	-0.28149	-0.95955	-0.00571	0.95956	-0.28149	-0.00019	-0.00142	-0.00553	0.99998	
291.03686	337.58855	97.31124	0.22738	-0.06222	-106.34041	0.27318	-0.28134	-0.95960	-0.00411	0.95961	-0.28135	-0.00007	-0.00109	-0.00397	0.99999	
291.02944	337.58585	97.29347	0.30692	-0.09477	-106.35267	0.28378	-0.28155	-0.95953	-0.00561	0.95955	-0.28155	0.00008	-0.00165	-0.00536	0.99998	
291.01019	337.56892	97.29788	0.26860	-0.06581	-106.33488	0.27014	-0.28125	-0.95962	-0.00482	0.95963	-0.28125	-0.00022	-0.00115	-0.00469	0.99999	
291.03098	337.56584	97.30235	0.31657	-0.05020	-106.34083	0.26917	-0.28135	-0.95959	-0.00555	0.95960	-0.28135	-0.00071	-0.00088	-0.00553	0.99998	
291.04477	337.58503	97.32869	0.24425	-0.04269	-106.33675	0.27695	-0.28128	-0.95962	-0.00430	0.95962	-0.28128	-0.00048	-0.00075	-0.00426	0.99999	
291.03414	337.58217	97.30489	0.32757	-0.07456	-106.34676	0.28496	-0.28145	-0.95956	-0.00585	0.95958	-0.28145	-0.00036	-0.00130	-0.00572	0.99998	
291.00871	337.57068	97.29100	0.30784	-0.05023	-106.34210	0.26907	-0.28137	-0.95958	-0.00540	0.95960	-0.28137	-0.00067	-0.00088	-0.00537	0.99999	
291.04707	337.57615	97.29372	0.32599	-0.05528	-106.32706	0.25387	-0.28112	-0.95966	-0.00573	0.95967	-0.28112	-0.00067	-0.00096	-0.00569	0.99998	
291.02417	337.58388	97.30934	0.27587	-0.06377	-106.33887	0.29864	-0.28132	-0.95960	-0.00493	0.95961	-0.28132	-0.00029	-0.00111	-0.00481	0.99999	
291.03375	337.57702	97.29695	0.33683	-0.05931	-106.35309	0.27751	-0.28156	-0.95953	-0.00593	0.95954	-0.28156	-0.00066	-0.00104	-0.00588	0.99998	
291.01407	337.56412	97.31778	0.27746	-0.06105	-106.34532	0.27217	-0.28143	-0.95957	-0.00495	0.95958	-0.28143	-0.00034	-0.00107	-0.00484	0.99999	
291.02523	337.57204	97.32205	0.30301	-0.06309	-106.34377	0.27413	-0.28140	-0.95958	-0.00538	0.95959	-0.28140	-0.00043	-0.00110	-0.00529	0.99999	
291.05350	337.57131	97.32527	0.26913	-0.03900	-106.34081	0.28223	-0.28135	-0.95959	-0.00470	0.95960	-0.28135	-0.00067	-0.00068	-0.00470	0.99999	
291.02350	337.57723	97.30810	0.31070	-0.06691	-106.35583	0.28435	-0.28160	-0.95952	-0.00553	0.95953	-0.28160	-0.00041	-0.00117	-0.00542	0.99998	
291.04019	337.56555	97.32195	0.35188	-0.06591	-106.33469	0.26364	-0.28125	-0.95962	-0.00622	0.95963	-0.28125	-0.00062	-0.00115	-0.00614	0.99998	
291.03101	337.57843	97.31830	0.31865	-0.07505	-106.34504	0.28652	-0.28142	-0.95957	-0.00571	0.95958	-0.28142	-0.00031	-0.00131	-0.00556	0.99998	
291.03128	337.58152	97.32988	0.28257	-0.04288	-106.34107	0.27612	-0.28135	-0.95959	-0.00494	0.95960	-0.28135	-0.00067	-0.00075	-0.00493	0.99999	
291.03257	337.58904	97.31836	0.26685	-0.06208	-106.34888	0.26841	-0.28149	-0.95955	-0.00477	0.95956	-0.28149	-0.00027	-0.00108	-0.00466	0.99999	
291.01998	337.57088	97.31620	0.28270	-0.02342	-106.33373	0.26555	-0.28123	-0.95963	-0.00485	0.95964	-0.28123	-0.00100	-0.00041	-0.00493	0.99999	
291.03672	337.56696	97.32339	0.28190	-0.00662	-106.35532	0.28024	-0.28159	-0.95952	-0.00475	0.95953	-0.28159	-0.00127	-0.00012	-0.00492	0.99999	
