425.92116	1041.73118	157.57568	0.89191	-0.61044	156.47415	0.31009	-0.91683	0.39927	-0.00355	-0.39914	-0.91670	-0.01852	-0.01065	-0.01557	0.99982	
425.89581	1041.67338	157.48997	0.98005	-0.47246	156.45467	0.34964	-0.91671	0.39955	-0.00073	-0.39946	-0.91655	-0.01897	-0.00825	-0.01710	0.99982	
425.90132	1041.71970	157.55524	0.91163	-0.59246	156.46935	0.32233	-0.91680	0.39934	-0.00313	-0.39922	-0.91666	-0.01871	-0.01034	-0.01591	0.99982	
425.91697	1041.74229	157.56784	0.86437	-0.62841	156.46712	0.30425	-0.91678	0.39938	-0.00403	-0.39925	-0.91666	-0.01821	-0.01097	-0.01508	0.99983	
425.89077	1041.71838	157.55930	0.91180	-0.58343	156.46655	0.33115	-0.91678	0.39938	-0.00298	-0.39926	-0.91665	-0.01865	-0.01018	-0.01591	0.99982	
425.90120	1041.72959	157.56599	0.89735	-0.57650	156.46977	0.32468	-0.91680	0.39933	-0.00297	-0.39921	-0.91667	-0.01838	-0.01006	-0.01566	0.99983	
426.13468	1041.22100	157.79134	1.06901	-0.44111	156.44528	0.42817	-0.91665	0.39969	0.00040	-0.39961	-0.91646	-0.02018	-0.00770	-0.01866	0.99980	
426.12676	1041.21499	157.84172	0.90827	-0.58942	156.44324	0.38156	-0.91662	0.39976	-0.00309	-0.39964	-0.91648	-0.01864	-0.01029	-0.01585	0.99982	
426.06823	1041.25277	157.79331	1.00810	-0.51261	156.41484	0.39115	-0.91643	0.40019	-0.00116	-0.40010	-0.91626	-0.01970	-0.00895	-0.01759	0.99981	
426.07184	1041.21995	157.77907	1.05305	-0.50419	156.42479	0.39126	-0.91650	0.40003	-0.00071	-0.39994	-0.91632	-0.02036	-0.00880	-0.01838	0.99979	
426.08779	1041.21515	157.81045	1.02280	-0.47822	156.41469	0.39494	-0.91643	0.40019	-0.00051	-0.40010	-0.91626	-0.01970	-0.00835	-0.01785	0.99981	
426.08164	1041.20682	157.72703	1.08984	-0.45223	156.43893	0.42178	-0.91661	0.39979	0.00037	-0.39971	-0.91641	-0.02059	-0.00789	-0.01902	0.99979	
426.11125	1041.19717	157.80532	0.96697	-0.57112	156.42442	0.38921	-0.91649	0.40006	-0.00238	-0.39994	-0.91634	-0.01945	-0.00997	-0.01688	0.99981	
426.14445	1041.22632	157.81559	0.92020	-0.71617	156.43481	0.37601	-0.91653	0.39992	-0.00503	-0.39976	-0.91641	-0.01972	-0.01250	-0.01606	0.99979	
426.10656	1041.15378	157.78463	1.01050	-0.53190	156.43323	0.41469	-0.91656	0.39991	-0.00146	-0.39980	-0.91639	-0.01988	-0.00928	-0.01763	0.99980	
426.15297	1041.17157	157.82123	0.98120	-0.61712	156.42877	0.38386	-0.91651	0.40000	-0.00302	-0.39987	-0.91636	-0.02000	-0.01077	-0.01712	0.99980	
426.11352	1041.18609	157.83600	1.00389	-0.59063	156.43820	0.39290	-0.91658	0.39984	-0.00244	-0.39972	-0.91642	-0.02018	-0.01031	-0.01752	0.99979	
426.10531	1041.24332	157.77846	1.04044	-0.47935	156.42140	0.36812	-0.91648	0.40008	-0.00040	-0.39999	-0.91630	-0.01999	-0.00837	-0.01816	0.99980	
426.06388	1041.19969	157.78979	1.07128	-0.46288	156.39212	0.40240	-0.91628	0.40054	0.00009	-0.40046	-0.91609	-0.02037	-0.00808	-0.01870	0.99979	
426.10864	1041.21121	157.80481	0.99114	-0.57791	156.41345	0.37368	-0.91641	0.40023	-0.00232	-0.40011	-0.91625	-0.01989	-0.01009	-0.01730	0.99980	
426.11844	1041.17514	157.80004	0.94960	-0.64821	156.41516	0.40833	-0.91641	0.40022	-0.00374	-0.40008	-0.91627	-0.01971	-0.01131	-0.01657	0.99980	
426.14267	1041.18604	157.81258	0.97793	-0.61721	156.44800	0.39945	-0.91664	0.39969	-0.00305	-0.39956	-0.91649	-0.01995	-0.01077	-0.01707	0.99980	
426.10596	1041.23727	157.75790	1.07359	-0.51196	156.43246	0.41498	-0.91655	0.39991	-0.00070	-0.39981	-0.91636	-0.02075	-0.00894	-0.01874	0.99978	
426.13309	1041.18983	157.78958	1.01519	-0.57362	156.43723	0.39435	-0.91658	0.39985	-0.00209	-0.39973	-0.91641	-0.02024	-0.01001	-0.01772	0.99979	
426.08342	1041.19621	157.78526	1.01002	-0.48079	156.40742	0.39409	-0.91638	0.40030	-0.00063	-0.40022	-0.91621	-0.01951	-0.00839	-0.01763	0.99981	
426.10092	1041.20437	157.80867	0.97752	-0.55840	156.40617	0.35729	-0.91636	0.40034	-0.00210	-0.40023	-0.91621	-0.01953	-0.00975	-0.01706	0.99981	
426.09454	1041.16980	157.77287	1.03039	-0.54482	156.40712	0.42223	-0.91637	0.40033	-0.00152	-0.40022	-0.91620	-0.02028	-0.00951	-0.01798	0.99979	
426.14048	1041.22655	157.79770	0.97683	-0.64010	156.43047	0.39184	-0.91652	0.39998	-0.00342	-0.39984	-0.91637	-0.02009	-0.01117	-0.01705	0.99979	
426.07949	1041.21499	157.76760	1.04774	-0.50293	156.37100	0.39020	-0.91612	0.40089	-0.00071	-0.40080	-0.91594	-0.02027	-0.00878	-0.01828	0.99979	
426.10752	1041.19973	157.76433	1.09337	-0.51573	156.43698	0.43619	-0.91658	0.39984	-0.00062	-0.39974	-0.91639	-0.02109	-0.00900	-0.01908	0.99978	
426.15174	1041.18533	157.88915	0.94755	-0.58812	156.43753	0.36259	-0.91658	0.39985	-0.00280	-0.39973	-0.91643	-0.01926	-0.01026	-0.01654	0.99981	
426.11625	1041.20822	157.81233	0.98547	-0.55967	156.44557	0.38445	-0.91664	0.39972	-0.00208	-0.39960	-0.91648	-0.01967	-0.00977	-0.01720	0.99980	
426.09803	1041.24035	157.73210	1.12077	-0.51472	156.43802	0.40677	-0.91659	0.39983	-0.00041	-0.39972	-0.91638	-0.02152	-0.00898	-0.01956	0.99977	
426.11983	1041.21426	157.78564	1.05010	-0.55492	156.42419	0.40229	-0.91649	0.40006	-0.00155	-0.39994	-0.91631	-0.02067	-0.00969	-0.01833	0.99979	
426.09896	1041.22137	157.79031	0.99495	-0.57234	156.44763	0.38038	-0.91665	0.39969	-0.00222	-0.39957	-0.91649	-0.01991	-0.00999	-0.01736	0.99980	
426.13332	1041.18473	157.85136	0.95797	-0.67596	156.44109	0.37434	-0.91659	0.39982	-0.00413	-0.39966	-0.91644	-0.02004	-0.01180	-0.01672	0.99979	
426.11584	1041.16255	157.80418	0.98224	-0.65663	156.43291	0.39329	-0.91653	0.39994	-0.00365	-0.39980	-0.91638	-0.02029	-0.01146	-0.01714	0.99979	
426.06596	1041.18456	157.71458	1.15507	-0.46605	156.41042	0.44574	-0.91641	0.40025	0.00061	-0.40017	-0.91618	-0.02173	-0.00813	-0.02016	0.99976	
426.12011	1041.15550	157.85264	0.94566	-0.63208	156.44307	0.37876	-0.91661	0.39977	-0.00351	-0.39964	-0.91647	-0.01954	-0.01103	-0.01650	0.99980	
426.13236	1041.20313	157.82159	1.01381	-0.62574	156.41940	0.37181	-0.91644	0.40015	-0.00293	-0.40001	-0.91628	-0.02058	-0.01092	-0.01769	0.99978	
426.03966	1041.16293	157.83882	1.04667	-0.43262	156.38326	0.41479	-0.91622	0.40068	0.00040	-0.40061	-0.91604	-0.01976	-0.00755	-0.01827	0.99980	
426.11326	1041.18774	157.79460	1.01360	-0.58975	156.43439	0.38567	-0.91655	0.39990	-0.00236	-0.39978	-0.91639	-0.02033	-0.01029	-0.01769	0.99979	
426.14340	1041.16603	157.80939	0.98063	-0.58192	156.43369	0.39003	-0.91655	0.39991	-0.00247	-0.39979	-0.91639	-0.01975	-0.01016	-0.01711	0.99980	
426.09885	1041.17267	157.77565	1.02463	-0.53142	156.44307	0.41609	-0.91662	0.39975	-0.00135	-0.39964	-0.91645	-0.02010	-0.00927	-0.01788	0.99980	
426.14847	1041.17615	157.81881	0.93793	-0.72438	156.43443	0.38380	-0.91653	0.39993	-0.00504	-0.39977	-0.91640	-0.02006	-0.01264	-0.01637	0.99979	
426.12660	1041.17376	157.83982	0.95159	-0.60836	156.43967	0.36850	-0.91659	0.39982	-0.00309	-0.39969	-0.91644	-0.01947	-0.01062	-0.01661	0.99981	
426.09599	1041.19538	157.88377	0.95111	-0.58785	156.41643	0.35143	-0.91643	0.40019	-0.00276	-0.40007	-0.91628	-0.01932	-0.01026	-0.01660	0.99981	
426.12661	1041.21508	157.89810	0.97736	-0.60788	156.43533	0.37082	-0.91656	0.39989	-0.00290	-0.39976	-0.91640	-0.01988	-0.01061	-0.01706	0.99980	
426.13819	1041.17469	157.80714	1.00525	-0.57612	156.41425	0.40564	-0.91642	0.40022	-0.00219	-0.40010	-0.91625	-0.02010	-0.01006	-0.01754	0.99980	
426.10720	1041.16557	157.81616	1.02607	-0.53176	156.44611	0.38039	-0.91665	0.39970	-0.00135	-0.39959	-0.91647	-0.02012	-0.00928	-0.01791	0.99980	
426.15059	1041.18360	157.81099	0.97247	-0.63313	156.44327	0.36126	-0.91661	0.39977	-0.00334	-0.39963	-0.91646	-0.01997	-0.01105	-0.01697	0.99979	
426.12355	1041.19833	157.77661	1.05101	-0.61186	156.42004	0.39378	-0.91645	0.40014	-0.00245	-0.40001	-0.91627	-0.02108	-0.01068	-0.01834	0.99977	
426.16319	1041.22914	157.86123	0.95227	-0.65012	156.45076	0.35598	-0.91666	0.39965	-0.00376	-0.39951	-0.91652	-0.01977	-0.01135	-0.01662	0.99980	
426.12769	1041.18776	157.77755	1.03633	-0.57471	156.43970	0.39133	-0.91659	0.39982	-0.00196	-0.39969	-0.91642	-0.02059	-0.01003	-0.01809	0.99979	
426.12157	1041.17070	157.81453	0.98128	-0.60456	156.42679	0.37455	-0.91650	0.40003	-0.00282	-0.39990	-0.91634	-0.01992	-0.01055	-0.01712	0.99980	
426.10240	1041.22497	157.80178	1.02518	-0.62240	156.43762	0.40003	-0.91657	0.39986	-0.00280	-0.39972	-0.91640	-0.02074	-0.01086	-0.01789	0.99978	
426.15071	1041.24554	157.80913	0.97495	-0.59955	156.44670	0.38319	-0.91664	0.39971	-0.00279	-0.39958	-0.91648	-0.01978	-0.01046	-0.01701	0.99980	
426.13071	1041.17338	157.78723	1.00919	-0.56991	156.43242	0.38678	-0.91654	0.39993	-0.00207	-0.39981	-0.91638	-0.02012	-0.00995	-0.01761	0.99980	
426.12626	1041.17809	157.82333	1.04461	-0.56397	156.43053	0.38503	-0.91653	0.39996	-0.00173	-0.39984	-0.91635	-0.02065	-0.00984	-0.01823	0.99979	
426.14365	1041.18219	157.81253	0.98088	-0.61668	156.42706	0.39914	-0.91650	0.40003	-0.00302	-0.39989	-0.91634	-0.01999	-0.01076	-0.01712	0.99980	
426.12541	1041.13588	157.81789	1.04964	-0.55549	156.43294	0.41511	-0.91655	0.39992	-0.00156	-0.39980	-0.91637	-0.02067	-0.00970	-0.01832	0.99979	
426.14184	1041.17273	157.87085	0.96761	-0.62056	156.43311	0.36374	-0.91654	0.39993	-0.00317	-0.39980	-0.91639	-0.01981	-0.01083	-0.01689	0.99980	
426.09725	1041.18369	157.88595	0.98320	-0.55924	156.38719	0.37122	-0.91623	0.40065	-0.00207	-0.40053	-0.91607	-0.01963	-0.00976	-0.01716	0.99981	
426.10759	1041.16636	157.76306	1.06406	-0.50743	156.40636	0.41201	-0.91637	0.40033	-0.00068	-0.40023	-0.91618	-0.02056	-0.00886	-0.01857	0.99979	
426.07511	1041.20079	157.81571	1.09866	-0.42118	156.39120	0.38944	-0.91628	0.40055	0.00094	-0.40048	-0.91608	-0.02051	-0.00735	-0.01917	0.99979	
426.15898	1041.22429	157.85370	0.92171	-0.66025	156.42960	0.38483	-0.91651	0.39999	-0.00413	-0.39985	-0.91638	-0.01935	-0.01152	-0.01609	0.99980	
426.13865	1041.13636	157.82308	0.96093	-0.70234	156.42398	0.38863	-0.91646	0.40010	-0.00453	-0.39994	-0.91632	-0.02027	-0.01226	-0.01677	0.99978	
426.09287	1041.18484	157.77975	1.07632	-0.46944	156.41106	0.41602	-0.91641	0.40024	0.00001	-0.40016	-0.91622	-0.02049	-0.00819	-0.01878	0.99979	
426.07888	1041.21294	157.70634	1.09733	-0.53719	156.41339	0.38898	-0.91642	0.40023	-0.00093	-0.40012	-0.91622	-0.02130	-0.00938	-0.01915	0.99977	
426.16753	1041.23133	157.86085	0.91203	-0.65467	156.43069	0.38446	-0.91652	0.39997	-0.00411	-0.39983	-0.91639	-0.01916	-0.01143	-0.01592	0.99981	
426.13560	1041.17891	157.84104	0.94241	-0.68410	156.42534	0.37642	-0.91647	0.40007	-0.00436	-0.39992	-0.91634	-0.01985	-0.01194	-0.01645	0.99979	
426.17598	1041.22666	157.84062	0.92656	-0.73571	156.43971	0.35811	-0.91656	0.39985	-0.00530	-0.39968	-0.91644	-0.01995	-0.01284	-0.01617	0.99979	
426.14254	1041.19818	157.86309	0.93029	-0.63284	156.39220	0.35265	-0.91625	0.40059	-0.00362	-0.40045	-0.91612	-0.01930	-0.01104	-0.01623	0.99981	
426.13481	1041.21831	157.79897	1.00376	-0.60940	156.42676	0.38719	-0.91650	0.40003	-0.00274	-0.39990	-0.91633	-0.02031	-0.01064	-0.01752	0.99979	
426.08529	1041.13606	157.72491	1.16593	-0.47631	156.40526	0.45855	-0.91637	0.40034	0.00053	-0.40025	-0.91614	-0.02197	-0.00831	-0.02035	0.99976	
426.15773	1041.20638	157.81141	1.00568	-0.59209	156.43515	0.37962	-0.91656	0.39989	-0.00245	-0.39977	-0.91639	-0.02022	-0.01033	-0.01755	0.99979	
426.09843	1041.17981	157.80612	1.02775	-0.55268	156.38097	0.36656	-0.91619	0.40075	-0.00165	-0.40063	-0.91601	-0.02030	-0.00965	-0.01794	0.99979	
426.15617	1041.15473	157.85670	0.96990	-0.65692	156.42920	0.39484	-0.91651	0.40000	-0.00374	-0.39986	-0.91636	-0.02010	-0.01147	-0.01693	0.99979	
426.09668	1041.19790	157.70485	1.12385	-0.42982	156.43480	0.42260	-0.91658	0.39985	0.00097	-0.39978	-0.91637	-0.02098	-0.00750	-0.01961	0.99978	
426.13835	1041.19103	157.82602	1.02163	-0.54853	156.43503	0.41031	-0.91657	0.39988	-0.00165	-0.39977	-0.91639	-0.02017	-0.00957	-0.01783	0.99980	
426.14513	1041.19818	157.80047	1.01576	-0.58838	156.44414	0.40660	-0.91662	0.39975	-0.00233	-0.39962	-0.91645	-0.02035	-0.01027	-0.01773	0.99979	
426.16863	1041.17990	157.83599	0.93747	-0.67363	156.42146	0.35730	-0.91645	0.40013	-0.00423	-0.39998	-0.91631	-0.01970	-0.01176	-0.01636	0.99980	
426.08278	1041.18353	157.83748	1.02507	-0.53161	156.40979	0.36284	-0.91639	0.40028	-0.00134	-0.40018	-0.91622	-0.02011	-0.00928	-0.01789	0.99980	
426.12817	1041.20162	157.80332	1.03184	-0.61780	156.43607	0.39177	-0.91656	0.39989	-0.00268	-0.39975	-0.91639	-0.02082	-0.01078	-0.01801	0.99978	
426.15114	1041.18131	157.80819	1.00194	-0.60541	156.43300	0.37793	-0.91654	0.39993	-0.00269	-0.39980	-0.91638	-0.02025	-0.01057	-0.01749	0.99979	
426.15854	1041.19550	157.83076	1.00553	-0.61227	156.42421	0.38477	-0.91648	0.40007	-0.00277	-0.39994	-0.91632	-0.02036	-0.01069	-0.01755	0.99979	
426.14074	1041.18629	157.84480	1.00806	-0.60327	156.43198	0.41473	-0.91654	0.39995	-0.00261	-0.39982	-0.91637	-0.02033	-0.01053	-0.01759	0.99979	
426.11559	1041.20162	157.88060	0.97307	-0.55752	156.39262	0.38816	-0.91627	0.40056	-0.00211	-0.40045	-0.91611	-0.01946	-0.00973	-0.01698	0.99981	
426.14068	1041.17923	157.81474	1.02097	-0.56808	156.43042	0.41311	-0.91653	0.39996	-0.00196	-0.39984	-0.91636	-0.02030	-0.00991	-0.01782	0.99979	
426.15696	1041.17192	157.79376	0.98447	-0.59000	156.42514	0.40235	-0.91649	0.40005	-0.00256	-0.39993	-0.91633	-0.01987	-0.01030	-0.01718	0.99980	
426.13322	1041.16368	157.86100	0.97400	-0.58517	156.44455	0.39088	-0.91663	0.39974	-0.00257	-0.39962	-0.91647	-0.01966	-0.01021	-0.01700	0.99980	
426.15823	1041.18492	157.86130	0.95615	-0.69838	156.43945	0.36368	-0.91657	0.39985	-0.00450	-0.39969	-0.91643	-0.02017	-0.01219	-0.01669	0.99979	
426.17467	1041.15733	157.84836	0.92210	-0.77779	156.41689	0.38710	-0.91640	0.40023	-0.00600	-0.40004	-0.91627	-0.02018	-0.01357	-0.01609	0.99978	
426.15621	1041.23076	157.81983	0.97480	-0.61074	156.44302	0.40460	-0.91661	0.39977	-0.00297	-0.39964	-0.91646	-0.01985	-0.01066	-0.01701	0.99980	
426.12285	1041.18097	157.78408	1.05662	-0.58914	156.42760	0.40445	-0.91651	0.40001	-0.00205	-0.39989	-0.91632	-0.02101	-0.01028	-0.01844	0.99978	
426.14986	1041.21921	157.89953	0.95745	-0.60861	156.38492	0.37933	-0.91621	0.40070	-0.00304	-0.40057	-0.91606	-0.01956	-0.01062	-0.01671	0.99980	
426.13907	1041.17032	157.86450	0.94765	-0.66960	156.43784	0.38543	-0.91656	0.39987	-0.00410	-0.39972	-0.91642	-0.01983	-0.01169	-0.01654	0.99979	
426.15032	1041.18164	157.82514	1.00095	-0.57225	156.42564	0.38495	-0.91650	0.40004	-0.00217	-0.39992	-0.91633	-0.02000	-0.00999	-0.01747	0.99980	
426.16130	1041.19191	157.79457	1.02580	-0.58193	156.42252	0.39259	-0.91647	0.40009	-0.00215	-0.39997	-0.91630	-0.02047	-0.01016	-0.01790	0.99979	
426.13597	1041.18958	157.82515	0.97983	-0.61703	156.40144	0.36418	-0.91632	0.40044	-0.00302	-0.40030	-0.91617	-0.01998	-0.01077	-0.01710	0.99980	
426.12919	1041.18944	157.80223	1.01668	-0.59134	156.43655	0.36360	-0.91657	0.39987	-0.00237	-0.39974	-0.91640	-0.02039	-0.01032	-0.01774	0.99979	
426.12275	1041.21906	157.71849	1.13871	-0.45937	156.43062	0.43853	-0.91655	0.39993	0.00060	-0.39985	-0.91633	-0.02142	-0.00802	-0.01987	0.99977	
426.14667	1041.21712	157.78080	1.00035	-0.63556	156.42000	0.38868	-0.91645	0.40015	-0.00318	-0.40000	-0.91629	-0.02044	-0.01109	-0.01746	0.99979	
426.13941	1041.16021	157.85109	0.97546	-0.58265	156.43301	0.38319	-0.91655	0.39992	-0.00251	-0.39980	-0.91639	-0.01967	-0.01017	-0.01702	0.99980	
426.08556	1041.13374	157.77631	1.11305	-0.45711	156.42775	0.42779	-0.91653	0.39997	0.00046	-0.39989	-0.91632	-0.02099	-0.00798	-0.01942	0.99978	
426.15465	1041.22171	157.82824	1.02663	-0.60432	156.43358	0.37097	-0.91655	0.39992	-0.00250	-0.39979	-0.91637	-0.02064	-0.01055	-0.01792	0.99978	
426.14153	1041.18390	157.84045	0.95450	-0.64514	156.41043	0.36776	-0.91638	0.40030	-0.00365	-0.40016	-0.91623	-0.01977	-0.01126	-0.01666	0.99980	
426.12399	1041.19433	157.78786	1.05056	-0.52306	156.42633	0.39422	-0.91651	0.40001	-0.00103	-0.39991	-0.91633	-0.02045	-0.00913	-0.01833	0.99979	
426.09673	1041.21676	157.80485	1.06517	-0.48052	156.39079	0.40564	-0.91627	0.40057	-0.00024	-0.40048	-0.91608	-0.02039	-0.00839	-0.01859	0.99979	
426.15259	1041.18390	157.80908	1.01495	-0.56097	156.43712	0.41757	-0.91658	0.39985	-0.00189	-0.39974	-0.91641	-0.02015	-0.00979	-0.01771	0.99980	
426.14269	1041.17585	157.80670	1.02271	-0.60278	156.42847	0.41302	-0.91651	0.40000	-0.00250	-0.39987	-0.91634	-0.02057	-0.01052	-0.01785	0.99979	
426.14192	1041.20634	157.85110	0.97322	-0.62845	156.42442	0.38675	-0.91648	0.40007	-0.00326	-0.39993	-0.91633	-0.01995	-0.01097	-0.01698	0.99980	
426.15660	1041.17246	157.86100	0.97255	-0.62729	156.44090	0.36787	-0.91659	0.39981	-0.00325	-0.39967	-0.91644	-0.01993	-0.01095	-0.01697	0.99980	
426.09386	1041.20031	157.85504	0.96556	-0.67345	156.36415	0.37661	-0.91605	0.40105	-0.00401	-0.40089	-0.91590	-0.02015	-0.01175	-0.01685	0.99979	
426.15255	1041.18375	157.79380	1.02386	-0.58654	156.43640	0.38742	-0.91657	0.39987	-0.00224	-0.39975	-0.91640	-0.02047	-0.01024	-0.01787	0.99979	
426.16228	1041.22563	157.78442	1.01647	-0.58158	156.43033	0.40636	-0.91653	0.39997	-0.00221	-0.39984	-0.91636	-0.02032	-0.01015	-0.01774	0.99979	
426.08587	1041.21568	157.78885	1.08911	-0.45676	156.38866	0.39533	-0.91625	0.40060	0.00031	-0.40052	-0.91606	-0.02061	-0.00797	-0.01901	0.99979	
426.14776	1041.18712	157.84451	0.96584	-0.60051	156.42838	0.38105	-0.91651	0.40000	-0.00286	-0.39987	-0.91636	-0.01964	-0.01048	-0.01686	0.99980	
426.12997	1041.18475	157.79240	1.03623	-0.49968	156.42731	0.42469	-0.91652	0.39999	-0.00076	-0.39990	-0.91634	-0.02006	-0.00872	-0.01808	0.99980	
426.11698	1041.17485	157.72796	1.11054	-0.49343	156.42699	0.43375	-0.91652	0.40000	-0.00014	-0.39990	-0.91631	-0.02121	-0.00861	-0.01938	0.99978	
426.10023	1041.19764	157.84329	0.99693	-0.60033	156.38716	0.38285	-0.91622	0.40066	-0.00263	-0.40053	-0.91606	-0.02014	-0.01048	-0.01740	0.99979	
426.14541	1041.16938	157.80540	1.00192	-0.58310	156.43497	0.37435	-0.91656	0.39989	-0.00234	-0.39977	-0.91640	-0.02010	-0.01018	-0.01748	0.99980	
426.10862	1041.17077	157.78497	1.06383	-0.51017	156.43893	0.41061	-0.91660	0.39981	-0.00074	-0.39971	-0.91641	-0.02058	-0.00890	-0.01857	0.99979	
426.13153	1041.22415	157.85989	0.93176	-0.63688	156.41983	0.34357	-0.91644	0.40014	-0.00368	-0.40001	-0.91631	-0.01935	-0.01112	-0.01626	0.99981	
426.15513	1041.20220	157.84871	1.02265	-0.56171	156.41713	0.39482	-0.91644	0.40017	-0.00184	-0.40006	-0.91627	-0.02028	-0.00980	-0.01785	0.99979	
426.11873	1041.16449	157.80328	1.03322	-0.54993	156.43266	0.41753	-0.91655	0.39992	-0.00159	-0.39981	-0.91637	-0.02037	-0.00960	-0.01803	0.99979	
426.15818	1041.18011	157.87307	0.95169	-0.62795	156.43202	0.38968	-0.91653	0.39995	-0.00340	-0.39981	-0.91639	-0.01961	-0.01096	-0.01661	0.99980	
426.13889	1041.18964	157.81306	1.03819	-0.50447	156.44749	0.38449	-0.91666	0.39967	-0.00083	-0.39957	-0.91648	-0.02013	-0.00880	-0.01812	0.99980	
426.07208	1041.20700	157.83518	1.00906	-0.57116	156.38374	0.36924	-0.91620	0.40071	-0.00208	-0.40059	-0.91604	-0.02013	-0.00997	-0.01761	0.99980	
426.08936	1041.21320	157.73383	1.12783	-0.45336	156.41019	0.44934	-0.91641	0.40025	0.00063	-0.40017	-0.91619	-0.02120	-0.00791	-0.01968	0.99977	
426.14959	1041.24220	157.78105	1.04422	-0.57159	156.43893	0.38044	-0.91659	0.39983	-0.00186	-0.39971	-0.91641	-0.02069	-0.00998	-0.01822	0.99978	
426.14959	1041.17567	157.90149	0.89083	-0.73716	156.41238	0.37108	-0.91637	0.40029	-0.00557	-0.40012	-0.91626	-0.01940	-0.01287	-0.01555	0.99980	
426.17134	1041.18507	157.81516	0.97454	-0.62015	156.43857	0.38802	-0.91658	0.39984	-0.00312	-0.39971	-0.91643	-0.01992	-0.01082	-0.01701	0.99980	
426.17081	1041.20411	157.87433	0.92109	-0.65087	156.43657	0.37734	-0.91656	0.39988	-0.00398	-0.39974	-0.91643	-0.01928	-0.01136	-0.01607	0.99981	
426.11295	1041.15822	157.75011	1.09435	-0.47101	156.41568	0.43129	-0.91644	0.40017	0.00011	-0.40008	-0.91624	-0.02079	-0.00822	-0.01910	0.99978	
426.16905	1041.18107	157.83047	1.00899	-0.60380	156.43103	0.38920	-0.91653	0.39996	-0.00262	-0.39983	-0.91636	-0.02035	-0.01054	-0.01761	0.99979	
426.13987	1041.17768	157.83221	1.04943	-0.55787	156.42972	0.37471	-0.91653	0.39997	-0.00160	-0.39985	-0.91635	-0.02068	-0.00974	-0.01831	0.99978	
426.13539	1041.22014	157.77368	1.04961	-0.55164	156.40846	0.39849	-0.91638	0.40031	-0.00149	-0.40020	-0.91620	-0.02064	-0.00963	-0.01832	0.99979	
426.13283	1041.22388	157.87688	0.97052	-0.59814	156.42046	0.34211	-0.91646	0.40013	-0.00279	-0.40000	-0.91630	-0.01970	-0.01044	-0.01694	0.99980	
426.15197	1041.20243	157.82532	1.00720	-0.63596	156.41948	0.40246	-0.91644	0.40015	-0.00314	-0.40001	-0.91628	-0.02055	-0.01110	-0.01758	0.99978	
426.13305	1041.18504	157.77043	1.08302	-0.49574	156.41454	0.41802	-0.91643	0.40019	-0.00037	-0.40010	-0.91624	-0.02078	-0.00865	-0.01890	0.99978	
426.14015	1041.18668	157.81357	1.06487	-0.55154	156.41808	0.42632	-0.91645	0.40016	-0.00139	-0.40004	-0.91626	-0.02088	-0.00963	-0.01858	0.99978	
426.08607	1041.18950	157.74117	1.09931	-0.46128	156.41702	0.41280	-0.91645	0.40014	0.00030	-0.40006	-0.91625	-0.02080	-0.00805	-0.01918	0.99978	
426.15856	1041.18367	157.83263	0.98973	-0.60514	156.42671	0.38653	-0.91650	0.40003	-0.00277	-0.39990	-0.91634	-0.02005	-0.01056	-0.01727	0.99980	
426.15075	1041.21172	157.81027	1.01686	-0.61717	156.41753	0.39636	-0.91643	0.40018	-0.00277	-0.40005	-0.91626	-0.02057	-0.01077	-0.01775	0.99978	
426.14078	1041.17699	157.78157	1.06798	-0.57697	156.41280	0.43143	-0.91641	0.40025	-0.00177	-0.40012	-0.91622	-0.02111	-0.01007	-0.01864	0.99978	
426.12596	1041.18760	157.76169	1.10600	-0.45748	156.42792	0.44488	-0.91653	0.39997	0.00040	-0.39989	-0.91633	-0.02088	-0.00798	-0.01930	0.99978	
426.14045	1041.20398	157.74036	1.08526	-0.52766	156.39850	0.44573	-0.91631	0.40046	-0.00085	-0.40036	-0.91612	-0.02104	-0.00921	-0.01894	0.99978	
426.09817	1041.17570	157.78366	1.06817	-0.52789	156.37610	0.38412	-0.91616	0.40082	-0.00097	-0.40071	-0.91597	-0.02077	-0.00921	-0.01864	0.99978	
426.13216	1041.19958	157.75528	1.02237	-0.59223	156.42297	0.42925	-0.91647	0.40009	-0.00234	-0.39996	-0.91630	-0.02049	-0.01034	-0.01784	0.99979	
426.15091	1041.20082	157.78996	1.03171	-0.54612	156.43503	0.38648	-0.91657	0.39988	-0.00154	-0.39977	-0.91639	-0.02031	-0.00953	-0.01800	0.99979	
426.15756	1041.21651	157.82282	1.02072	-0.60582	156.43436	0.38273	-0.91655	0.39991	-0.00257	-0.39978	-0.91638	-0.02055	-0.01057	-0.01781	0.99979	
426.12758	1041.19979	157.73239	1.13257	-0.52093	156.41161	0.42659	-0.91641	0.40025	-0.00042	-0.40015	-0.91619	-0.02175	-0.00909	-0.01976	0.99976	
426.13100	1041.20674	157.77698	1.03023	-0.54826	156.42511	0.40660	-0.91650	0.40004	-0.00158	-0.39993	-0.91632	-0.02031	-0.00957	-0.01798	0.99979	
426.14993	1041.21468	157.76424	0.98452	-0.64960	156.42940	0.37607	-0.91651	0.40000	-0.00352	-0.39985	-0.91635	-0.02028	-0.01134	-0.01718	0.99979	
426.09075	1041.19102	157.70611	1.13188	-0.43359	156.42043	0.42072	-0.91648	0.40008	0.00097	-0.40001	-0.91627	-0.02113	-0.00757	-0.01975	0.99978	
426.13983	1041.17981	157.78651	1.03937	-0.60116	156.40736	0.41698	-0.91636	0.40034	-0.00235	-0.40021	-0.91619	-0.02082	-0.01049	-0.01814	0.99978	
426.11435	1041.20184	157.84360	0.96467	-0.59122	156.39842	0.35528	-0.91630	0.40048	-0.00271	-0.40035	-0.91615	-0.01956	-0.01032	-0.01684	0.99981	
426.13819	1041.18972	157.77636	1.04358	-0.57533	156.41606	0.41921	-0.91643	0.40019	-0.00191	-0.40007	-0.91625	-0.02071	-0.01004	-0.01821	0.99978	
426.15852	1041.20042	157.87076	0.92686	-0.65904	156.45741	0.34797	-0.91670	0.39955	-0.00408	-0.39940	-0.91657	-0.01942	-0.01150	-0.01618	0.99980	
426.16387	1041.19823	157.84219	0.93791	-0.66706	156.44751	0.35599	-0.91663	0.39971	-0.00413	-0.39956	-0.91650	-0.01966	-0.01164	-0.01637	0.99980	
426.12136	1041.18029	157.80309	1.02000	-0.53956	156.43265	0.39629	-0.91655	0.39992	-0.00151	-0.39981	-0.91638	-0.02008	-0.00942	-0.01780	0.99980	
426.12767	1041.17124	157.74406	1.07284	-0.55895	156.40273	0.44201	-0.91634	0.40040	-0.00144	-0.40029	-0.91615	-0.02106	-0.00976	-0.01872	0.99978	
426.13653	1041.16959	157.79117	1.01156	-0.58667	156.43193	0.39825	-0.91654	0.39994	-0.00232	-0.39982	-0.91637	-0.02027	-0.01024	-0.01765	0.99979	
426.14274	1041.20464	157.83323	0.96979	-0.70090	156.45732	0.34006	-0.91669	0.39956	-0.00445	-0.39940	-0.91655	-0.02040	-0.01223	-0.01692	0.99978	
426.17959	1041.24600	157.90208	0.88655	-0.77719	156.43573	0.33399	-0.91653	0.39992	-0.00625	-0.39974	-0.91642	-0.01960	-0.01356	-0.01547	0.99979	
426.13828	1041.23439	157.82078	1.00130	-0.58889	156.41019	0.36792	-0.91639	0.40029	-0.00242	-0.40016	-0.91622	-0.02013	-0.01028	-0.01747	0.99979	
426.13868	1041.17860	157.78775	1.04200	-0.51319	156.43124	0.42740	-0.91654	0.39993	-0.00094	-0.39983	-0.91636	-0.02025	-0.00896	-0.01818	0.99979	
426.14191	1041.21520	157.88535	0.97212	-0.63217	156.43398	0.37370	-0.91654	0.39992	-0.00333	-0.39978	-0.91639	-0.01996	-0.01103	-0.01696	0.99980	
426.17295	1041.20919	157.80482	0.98238	-0.66512	156.42560	0.40292	-0.91648	0.40006	-0.00378	-0.39991	-0.91633	-0.02036	-0.01161	-0.01714	0.99979	
425.98852	1041.22901	157.91508	1.00724	-0.68976	156.52971	0.23213	-0.91720	0.39841	-0.00404	-0.39824	-0.91704	-0.02092	-0.01204	-0.01758	0.99977	
426.22182	1041.16110	157.74725	0.96111	-0.55854	156.34294	0.54452	-0.91592	0.40135	-0.00220	-0.40124	-0.91577	-0.01928	-0.00975	-0.01677	0.99981	
426.19207	1041.20117	157.75670	0.95479	-0.59820	156.35196	0.51724	-0.91598	0.40122	-0.00288	-0.40110	-0.91583	-0.01945	-0.01044	-0.01666	0.99981	
426.51558	1041.31824	157.47467	1.32843	-0.01970	156.43396	0.48144	-0.91660	0.39971	0.00895	-0.39981	-0.91635	-0.02139	-0.00034	-0.02318	0.99973	
426.50778	1041.31141	157.45907	1.41003	0.09308	156.41756	0.52762	-0.91648	0.39991	0.01133	-0.40007	-0.91622	-0.02190	0.00162	-0.02461	0.99970	
426.61996	1041.21022	157.47604	1.24312	-0.25689	156.53540	0.38766	-0.91730	0.39818	0.00453	-0.39818	-0.91705	-0.02169	-0.00448	-0.02169	0.99975	
426.61273	1041.23756	157.46190	1.25595	-0.24033	156.52623	0.43241	-0.91723	0.39832	0.00488	-0.39833	-0.91699	-0.02178	-0.00419	-0.02192	0.99975	
426.65919	1041.24506	157.49901	1.26378	-0.23160	156.55821	0.45051	-0.91746	0.39780	0.00507	-0.39781	-0.91721	-0.02184	-0.00404	-0.02206	0.99975	
426.65177	1041.24441	157.41540	1.30988	-0.10385	156.51746	0.46895	-0.91718	0.39840	0.00745	-0.39847	-0.91693	-0.02169	-0.00181	-0.02286	0.99974	
426.63177	1041.24684	157.48875	1.28026	-0.24429	156.52786	0.45327	-0.91725	0.39829	0.00499	-0.39830	-0.91699	-0.02219	-0.00426	-0.02234	0.99974	
426.62413	1041.23202	157.44110	1.31174	-0.18282	156.54976	0.41453	-0.91740	0.39792	0.00618	-0.39795	-0.91714	-0.02227	-0.00319	-0.02289	0.99973	
426.64238	1041.23655	157.43831	1.30715	-0.19246	156.52570	0.44865	-0.91723	0.39830	0.00601	-0.39834	-0.91697	-0.02226	-0.00336	-0.02281	0.99973	
426.62241	1041.24634	157.48707	1.26557	-0.17340	156.50624	0.44905	-0.91710	0.39861	0.00603	-0.39865	-0.91685	-0.02146	-0.00303	-0.02209	0.99975	
426.64961	1041.19398	157.53310	1.27239	-0.23306	156.55396	0.43358	-0.91743	0.39787	0.00510	-0.39788	-0.91717	-0.02199	-0.00407	-0.02221	0.99975	
426.60490	1041.24925	157.43943	1.33081	-0.15176	156.53101	0.43311	-0.91727	0.39820	0.00682	-0.39825	-0.91700	-0.02236	-0.00265	-0.02322	0.99973	
426.59365	1041.25446	157.46062	1.30107	-0.20048	156.48141	0.43615	-0.91693	0.39902	0.00585	-0.39904	-0.91666	-0.02222	-0.00350	-0.02271	0.99974	
426.36758	1041.11513	157.66069	0.94821	-0.61176	156.40776	0.47643	-0.91636	0.40033	-0.00316	-0.40020	-0.91622	-0.01944	-0.01068	-0.01655	0.99981	
426.29528	1041.15590	157.73060	0.92908	-0.73917	156.46289	0.37871	-0.91673	0.39948	-0.00535	-0.39931	-0.91660	-0.02002	-0.01290	-0.01621	0.99979	
426.20913	1041.17517	157.76825	1.05471	-0.51186	156.39793	0.37884	-0.91631	0.40046	-0.00081	-0.40037	-0.91613	-0.02044	-0.00893	-0.01841	0.99979	
426.23923	1041.16004	157.74303	0.95441	-0.63929	156.38541	0.34824	-0.91620	0.40070	-0.00355	-0.40056	-0.91606	-0.01973	-0.01116	-0.01666	0.99980	
426.12605	1041.17573	157.76169	1.07966	-0.53824	156.42531	0.41974	-0.91650	0.40004	-0.00107	-0.39993	-0.91631	-0.02103	-0.00939	-0.01884	0.99978	
426.13968	1041.20040	157.78059	1.01669	-0.56758	156.43414	0.39917	-0.91656	0.39990	-0.00198	-0.39978	-0.91639	-0.02022	-0.00991	-0.01774	0.99979	
426.14907	1041.19203	157.79876	1.00379	-0.59612	156.42593	0.38567	-0.91649	0.40004	-0.00253	-0.39991	-0.91633	-0.02022	-0.01040	-0.01752	0.99979	
426.12645	1041.19456	157.84960	0.94092	-0.62457	156.38397	0.33861	-0.91620	0.40072	-0.00341	-0.40058	-0.91606	-0.01941	-0.01090	-0.01642	0.99981	
426.09116	1041.21806	157.83897	1.00831	-0.53819	156.40195	0.36242	-0.91634	0.40041	-0.00156	-0.40030	-0.91617	-0.01989	-0.00939	-0.01760	0.99980	
426.08433	1041.18517	157.82302	1.01863	-0.59146	156.37761	0.36169	-0.91616	0.40081	-0.00233	-0.40069	-0.91599	-0.02042	-0.01032	-0.01778	0.99979	
426.12846	1041.21550	157.79545	1.03464	-0.57788	156.44714	0.34971	-0.91665	0.39970	-0.00203	-0.39957	-0.91647	-0.02058	-0.01009	-0.01806	0.99979	
426.12973	1041.15996	157.81480	1.02605	-0.55698	156.41287	0.38387	-0.91641	0.40024	-0.00174	-0.40012	-0.91624	-0.02030	-0.00972	-0.01791	0.99979	
426.15992	1041.17812	157.85528	0.92323	-0.64702	156.46271	0.37235	-0.91674	0.39946	-0.00392	-0.39932	-0.91661	-0.01928	-0.01129	-0.01611	0.99981	
426.15985	1041.18785	157.79689	0.99726	-0.61850	156.44005	0.37586	-0.91659	0.39982	-0.00294	-0.39969	-0.91643	-0.02027	-0.01079	-0.01740	0.99979	
426.11915	1041.17723	157.72730	1.13768	-0.46170	156.43529	0.43531	-0.91658	0.39985	0.00055	-0.39977	-0.91636	-0.02142	-0.00806	-0.01985	0.99977	
426.17031	1041.20451	157.83029	0.96895	-0.63037	156.43777	0.38997	-0.91657	0.39986	-0.00332	-0.39972	-0.91642	-0.01990	-0.01100	-0.01691	0.99980	
426.16376	1041.19154	157.86052	1.01095	-0.61819	156.43555	0.39716	-0.91656	0.39989	-0.00283	-0.39976	-0.91639	-0.02048	-0.01079	-0.01764	0.99979	
426.12131	1041.23888	157.72808	1.06357	-0.58595	156.42390	0.42131	-0.91648	0.40007	-0.00195	-0.39995	-0.91630	-0.02110	-0.01023	-0.01856	0.99978	
426.17026	1041.19257	157.85627	0.96991	-0.68122	156.41641	0.37680	-0.91641	0.40021	-0.00412	-0.40006	-0.91627	-0.02027	-0.01189	-0.01693	0.99979	
426.15051	1041.19814	157.83725	0.94319	-0.65897	156.44025	0.37956	-0.91658	0.39982	-0.00396	-0.39968	-0.91644	-0.01969	-0.01150	-0.01646	0.99980	
426.09512	1041.19882	157.82381	1.01665	-0.59851	156.37950	0.39040	-0.91617	0.40078	-0.00246	-0.40066	-0.91600	-0.02044	-0.01045	-0.01774	0.99979	
426.11701	1041.20070	157.75508	1.05371	-0.55374	156.42078	0.43200	-0.91646	0.40011	-0.00150	-0.40000	-0.91628	-0.02072	-0.00966	-0.01839	0.99978	
426.11836	1041.16929	157.81336	0.99482	-0.61561	156.38164	0.38380	-0.91618	0.40075	-0.00289	-0.40062	-0.91602	-0.02021	-0.01074	-0.01736	0.99979	
426.13015	1041.14281	157.76385	1.03290	-0.55699	156.41150	0.42738	-0.91640	0.40026	-0.00169	-0.40015	-0.91622	-0.02041	-0.00972	-0.01803	0.99979	
426.12264	1041.18717	157.79608	1.05070	-0.46040	156.40103	0.39409	-0.91634	0.40040	-0.00002	-0.40032	-0.91616	-0.02002	-0.00804	-0.01834	0.99980	
426.14781	1041.18248	157.88155	0.97537	-0.64036	156.43256	0.36879	-0.91653	0.39994	-0.00344	-0.39980	-0.91638	-0.02007	-0.01118	-0.01702	0.99979	
426.11926	1041.18595	157.84228	0.98072	-0.57392	156.39676	0.37020	-0.91629	0.40050	-0.00232	-0.40038	-0.91614	-0.01969	-0.01002	-0.01712	0.99980	
426.10597	1041.16653	157.78961	0.99887	-0.58358	156.39674	0.36653	-0.91629	0.40050	-0.00235	-0.40038	-0.91613	-0.02005	-0.01019	-0.01743	0.99980	
426.15401	1041.18603	157.81374	0.99206	-0.63187	156.43695	0.40399	-0.91657	0.39987	-0.00319	-0.39973	-0.91641	-0.02028	-0.01103	-0.01731	0.99979	
426.13005	1041.20111	157.81520	1.02679	-0.58805	156.43062	0.37858	-0.91653	0.39996	-0.00224	-0.39984	-0.91636	-0.02053	-0.01026	-0.01792	0.99979	
426.14639	1041.22273	157.80797	1.01436	-0.55674	156.43843	0.40348	-0.91659	0.39983	-0.00183	-0.39972	-0.91642	-0.02011	-0.00972	-0.01770	0.99980	
426.13099	1041.14778	157.85186	1.04369	-0.51092	156.44949	0.40343	-0.91667	0.39964	-0.00090	-0.39954	-0.91649	-0.02026	-0.00892	-0.01821	0.99979	
426.14646	1041.19471	157.90708	0.90128	-0.61475	156.39061	0.34234	-0.91624	0.40060	-0.00353	-0.40048	-0.91612	-0.01871	-0.01073	-0.01573	0.99982	
426.09038	1041.16248	157.70716	1.13014	-0.42831	156.39702	0.42966	-0.91632	0.40045	0.00105	-0.40039	-0.91610	-0.02107	-0.00748	-0.01972	0.99978	
426.11431	1041.19464	157.73232	1.09589	-0.50814	156.42960	0.44451	-0.91653	0.39996	-0.00048	-0.39986	-0.91633	-0.02108	-0.00887	-0.01912	0.99978	
426.07148	1041.17303	157.81247	1.04167	-0.53944	156.38765	0.38803	-0.91624	0.40064	-0.00134	-0.40053	-0.91606	-0.02043	-0.00941	-0.01818	0.99979	
426.12267	1041.18170	157.82918	1.01337	-0.58456	156.45276	0.39954	-0.91668	0.39961	-0.00229	-0.39948	-0.91652	-0.02029	-0.01020	-0.01768	0.99979	
426.12876	1041.17957	157.74106	1.11670	-0.44500	156.45412	0.44980	-0.91671	0.39955	0.00067	-0.39947	-0.91651	-0.02097	-0.00777	-0.01949	0.99978	
426.16552	1041.17883	157.84484	0.96137	-0.63622	156.42805	0.39777	-0.91650	0.40001	-0.00347	-0.39988	-0.91636	-0.01982	-0.01110	-0.01678	0.99980	
426.12478	1041.18848	157.82673	1.04909	-0.53776	156.43481	0.40282	-0.91657	0.39988	-0.00128	-0.39977	-0.91638	-0.02053	-0.00939	-0.01831	0.99979	
426.16017	1041.16661	157.84353	0.93954	-0.72996	156.42389	0.37134	-0.91646	0.40010	-0.00512	-0.39993	-0.91632	-0.02012	-0.01274	-0.01640	0.99978	
426.09912	1041.17320	157.85665	0.95968	-0.57745	156.40497	0.34743	-0.91635	0.40037	-0.00253	-0.40025	-0.91620	-0.01938	-0.01008	-0.01675	0.99981	
426.07460	1041.19464	157.76849	1.01408	-0.58937	156.38649	0.41491	-0.91622	0.40067	-0.00233	-0.40054	-0.91605	-0.02034	-0.01029	-0.01770	0.99979	
426.09817	1041.16385	157.80859	1.01100	-0.59999	156.39082	0.38827	-0.91625	0.40060	-0.00253	-0.40047	-0.91608	-0.02036	-0.01047	-0.01764	0.99979	
426.12670	1041.18014	157.78387	1.02563	-0.56443	156.43065	0.40375	-0.91653	0.39996	-0.00187	-0.39984	-0.91636	-0.02034	-0.00985	-0.01790	0.99979	
426.12085	1041.16578	157.83039	1.03192	-0.53862	156.41640	0.37096	-0.91644	0.40018	-0.00141	-0.40007	-0.91626	-0.02027	-0.00940	-0.01801	0.99979	
426.14196	1041.19095	157.80414	0.99840	-0.60266	156.41687	0.39675	-0.91643	0.40019	-0.00267	-0.40006	-0.91627	-0.02018	-0.01052	-0.01742	0.99979	
426.09005	1041.16073	157.72169	1.12648	-0.42781	156.41135	0.46155	-0.91642	0.40022	0.00103	-0.40016	-0.91621	-0.02100	-0.00747	-0.01966	0.99978	
426.12909	1041.20068	157.79620	1.01774	-0.57464	156.41580	0.41284	-0.91643	0.40020	-0.00208	-0.40008	-0.91626	-0.02029	-0.01003	-0.01776	0.99979	
426.14904	1041.19670	157.81537	0.95793	-0.63152	156.44759	0.37718	-0.91664	0.39970	-0.00342	-0.39956	-0.91649	-0.01973	-0.01102	-0.01672	0.99980	
426.10665	1041.18953	157.80232	1.00201	-0.60242	156.40327	0.37106	-0.91633	0.40040	-0.00263	-0.40027	-0.91617	-0.02023	-0.01051	-0.01749	0.99979	
426.15728	1041.19607	157.82287	0.90384	-0.63754	156.45956	0.40173	-0.91672	0.39951	-0.00390	-0.39937	-0.91659	-0.01891	-0.01113	-0.01577	0.99981	
426.10155	1041.15350	157.78779	0.98822	-0.58131	156.42094	0.38301	-0.91646	0.40012	-0.00240	-0.39999	-0.91630	-0.01986	-0.01015	-0.01725	0.99980	
426.12851	1041.19482	157.76222	1.01689	-0.67520	156.41573	0.44078	-0.91641	0.40023	-0.00370	-0.40007	-0.91624	-0.02098	-0.01178	-0.01775	0.99977	
426.15204	1041.17205	157.80282	1.03182	-0.55574	156.43379	0.41360	-0.91656	0.39990	-0.00169	-0.39979	-0.91638	-0.02038	-0.00970	-0.01801	0.99979	
426.11734	1041.18802	157.81473	1.04877	-0.58373	156.45128	0.40613	-0.91667	0.39963	-0.00203	-0.39951	-0.91649	-0.02085	-0.01019	-0.01830	0.99978	
426.11451	1041.13948	157.74272	1.04868	-0.59377	156.42316	0.43271	-0.91648	0.40009	-0.00218	-0.39996	-0.91630	-0.02092	-0.01036	-0.01830	0.99978	
426.15313	1041.19551	157.81314	1.00223	-0.61443	156.42410	0.38568	-0.91648	0.40007	-0.00283	-0.39994	-0.91632	-0.02032	-0.01072	-0.01749	0.99979	
426.09983	1041.20101	157.86072	1.02162	-0.54681	156.38762	0.36971	-0.91623	0.40064	-0.00160	-0.40053	-0.91606	-0.02016	-0.00954	-0.01783	0.99980	
426.07814	1041.18553	157.71966	1.13738	-0.42106	156.42572	0.44567	-0.91652	0.39999	0.00120	-0.39993	-0.91630	-0.02113	-0.00735	-0.01985	0.99978	
426.11430	1041.19296	157.79895	1.02642	-0.47641	156.38397	0.38403	-0.91622	0.40068	-0.00044	-0.40059	-0.91604	-0.01974	-0.00831	-0.01791	0.99980	
426.13202	1041.17355	157.77492	1.04985	-0.55084	156.44493	0.41586	-0.91663	0.39972	-0.00149	-0.39961	-0.91645	-0.02064	-0.00961	-0.01832	0.99979	
426.12227	1041.15630	157.80768	1.01709	-0.58309	156.43626	0.39070	-0.91657	0.39987	-0.00223	-0.39975	-0.91640	-0.02034	-0.01018	-0.01775	0.99979	
426.12861	1041.20743	157.76547	1.06535	-0.52449	156.44778	0.38826	-0.91666	0.39967	-0.00096	-0.39957	-0.91647	-0.02070	-0.00915	-0.01859	0.99979	
426.16304	1041.15220	157.82059	0.94024	-0.67937	156.45218	0.37368	-0.91666	0.39964	-0.00431	-0.39949	-0.91653	-0.01978	-0.01186	-0.01641	0.99980	
426.12616	1041.18266	157.75725	1.00433	-0.58874	156.43901	0.39868	-0.91659	0.39983	-0.00241	-0.39970	-0.91642	-0.02017	-0.01028	-0.01753	0.99979	
426.17526	1041.15428	157.83695	0.94564	-0.68204	156.41003	0.37566	-0.91637	0.40031	-0.00430	-0.40016	-0.91623	-0.01989	-0.01190	-0.01650	0.99979	
426.16447	1041.18235	157.78897	1.01619	-0.56153	156.43530	0.37073	-0.91657	0.39988	-0.00189	-0.39977	-0.91640	-0.02017	-0.00980	-0.01773	0.99979	
426.11301	1041.16332	157.80873	1.04002	-0.53114	156.40007	0.39289	-0.91632	0.40044	-0.00123	-0.40033	-0.91614	-0.02034	-0.00927	-0.01815	0.99979	
426.13394	1041.18626	157.78495	0.98577	-0.60478	156.43408	0.39826	-0.91655	0.39991	-0.00280	-0.39978	-0.91639	-0.01999	-0.01056	-0.01720	0.99980	
426.09974	1041.19268	157.77476	1.03093	-0.52673	156.39191	0.38163	-0.91627	0.40057	-0.00122	-0.40046	-0.91609	-0.02017	-0.00919	-0.01799	0.99980	
426.07999	1041.16907	157.77556	1.02578	-0.62811	156.40001	0.36463	-0.91631	0.40046	-0.00288	-0.40032	-0.91614	-0.02079	-0.01096	-0.01790	0.99978	
426.03307	1041.14268	157.83765	1.01655	-0.67209	156.41264	0.29073	-0.91639	0.40027	-0.00365	-0.40012	-0.91622	-0.02095	-0.01173	-0.01774	0.99977	
426.14082	1041.15305	157.77801	1.02592	-0.64518	156.39935	0.44769	-0.91630	0.40048	-0.00315	-0.40033	-0.91613	-0.02091	-0.01126	-0.01790	0.99978	
426.17451	1041.16453	157.81600	1.01083	-0.65923	156.38251	0.40402	-0.91618	0.40075	-0.00347	-0.40060	-0.91602	-0.02077	-0.01151	-0.01764	0.99978	
426.11421	1041.08983	157.87957	1.05096	-0.69091	156.42023	0.41079	-0.91644	0.40016	-0.00371	-0.40000	-0.91626	-0.02163	-0.01206	-0.01834	0.99976	
426.06895	1041.12504	157.90988	1.03624	-0.57941	156.30939	0.35183	-0.91568	0.40190	-0.00199	-0.40178	-0.91551	-0.02062	-0.01011	-0.01808	0.99979	
425.93594	1040.99810	157.91054	0.95221	-0.76066	156.26622	0.56816	-0.91534	0.40263	-0.00546	-0.40245	-0.91521	-0.02056	-0.01328	-0.01662	0.99977	
426.03974	1040.99062	157.97066	0.86279	-0.83583	156.31610	0.53121	-0.91568	0.40185	-0.00731	-0.40165	-0.91558	-0.01965	-0.01459	-0.01506	0.99978	
426.05844	1040.96458	157.98551	0.90945	-0.81391	156.31198	0.51533	-0.91565	0.40191	-0.00663	-0.40172	-0.91554	-0.02024	-0.01420	-0.01587	0.99977	
426.05289	1040.95465	157.95937	0.89093	-0.79764	156.34047	0.55881	-0.91586	0.40145	-0.00651	-0.40126	-0.91575	-0.01983	-0.01392	-0.01555	0.99978	
425.98616	1040.86848	157.92476	1.01509	-0.68149	156.30252	0.63821	-0.91562	0.40204	-0.00377	-0.40188	-0.91545	-0.02100	-0.01189	-0.01771	0.99977	
426.06542	1040.96990	158.02913	0.87888	-0.71191	156.33777	0.55483	-0.91586	0.40147	-0.00522	-0.40131	-0.91574	-0.01904	-0.01242	-0.01534	0.99981	
425.97967	1040.94853	157.95460	0.90548	-0.68029	156.29427	0.56137	-0.91556	0.40216	-0.00452	-0.40201	-0.91543	-0.01924	-0.01187	-0.01580	0.99980	
426.04154	1040.93709	158.04007	0.80179	-0.83186	156.33708	0.53949	-0.91583	0.40150	-0.00768	-0.40131	-0.91575	-0.01864	-0.01452	-0.01399	0.99980	
426.02681	1040.95473	157.98043	0.90972	-0.74911	156.33826	0.54624	-0.91585	0.40148	-0.00560	-0.40130	-0.91573	-0.01979	-0.01307	-0.01588	0.99979	
426.02582	1040.95153	157.92359	0.89520	-0.71800	156.35660	0.57276	-0.91599	0.40117	-0.00521	-0.40101	-0.91587	-0.01934	-0.01253	-0.01562	0.99980	
426.01034	1040.92915	157.98208	0.87564	-0.69063	156.31248	0.53263	-0.91568	0.40187	-0.00490	-0.40172	-0.91557	-0.01884	-0.01205	-0.01528	0.99981	
