X	Y	Z	Roll	Pitch	Yaw	Residual	Rot[0]	Rot[1]	Rot[2]	Rot[3]	Rot[4]	Rot[5]	Rot[6]	Rot[7]	Rot[8]	
-761.72430	55.84041	158.60368	0.77595	15.40841	31.63589	0.41514	0.82080	0.52753	-0.21909	-0.50567	0.84943	0.15088	0.26570	-0.01306	0.96397	
-761.72618	55.80133	158.58261	0.75913	15.40164	31.65560	0.41477	0.82065	0.52776	-0.21910	-0.50596	0.84930	0.15065	0.26558	-0.01277	0.96400	
-761.72176	55.83802	158.59429	0.78065	15.40671	31.63018	0.40831	0.82085	0.52747	-0.21904	-0.50559	0.84947	0.15091	0.26567	-0.01313	0.96397	
-761.59424	55.86709	158.33731	1.00283	16.13479	31.63310	0.19128	0.81789	0.52854	-0.22739	-0.50382	0.84874	0.16063	0.27790	-0.01681	0.96046	
-761.59528	55.87084	158.35703	1.00429	16.19184	31.63747	0.19674	0.81761	0.52862	-0.22818	-0.50374	0.84869	0.16117	0.27885	-0.01683	0.96019	
-761.59864	55.85822	158.33968	1.02477	16.17703	31.63139	0.19032	0.81773	0.52861	-0.22780	-0.50369	0.84869	0.16132	0.27861	-0.01718	0.96025	
-761.44417	55.88245	158.21352	1.02677	16.15930	31.56600	0.16510	0.81838	0.52765	-0.22771	-0.50280	0.84929	0.16093	0.27831	-0.01721	0.96034	
-761.36738	55.86837	158.21372	0.98151	16.14223	31.61283	0.14861	0.81803	0.52816	-0.22775	-0.50351	0.84899	0.16030	0.27802	-0.01645	0.96043	
-761.33711	55.88514	158.24089	0.98810	16.19136	31.61222	0.15411	0.81784	0.52818	-0.22840	-0.50338	0.84897	0.16083	0.27885	-0.01656	0.96019	
-761.32627	55.87743	158.25631	0.97977	16.20477	31.62182	0.15928	0.81770	0.52830	-0.22864	-0.50348	0.84890	0.16086	0.27907	-0.01642	0.96013	
-761.30552	55.87229	158.24856	1.00024	16.22529	31.59350	0.15538	0.81786	0.52796	-0.22882	-0.50302	0.84910	0.16123	0.27941	-0.01676	0.96002	
-761.31797	55.88644	158.23276	0.98352	16.14073	31.62060	0.14226	0.81797	0.52828	-0.22769	-0.50363	0.84891	0.16035	0.27800	-0.01649	0.96044	
-761.29974	55.88580	158.27426	0.98173	16.23196	31.61955	0.15782	0.81760	0.52828	-0.22901	-0.50338	0.84891	0.16112	0.27953	-0.01645	0.96000	
-761.28569	55.87218	158.25552	0.97827	16.22392	31.61883	0.15289	0.81764	0.52825	-0.22893	-0.50339	0.84893	0.16099	0.27939	-0.01639	0.96004	
-761.31384	55.71438	158.54419	0.75281	15.70555	31.58542	0.34259	0.82006	0.52675	-0.22369	-0.50421	0.84992	0.15296	0.27069	-0.01265	0.96258	
-761.28004	55.86508	158.22455	0.95370	16.13166	31.63171	0.12926	0.81791	0.52832	-0.22781	-0.50381	0.84889	0.15987	0.27785	-0.01599	0.96049	
-761.27607	55.85356	158.26630	0.97824	16.23166	31.61658	0.14999	0.81763	0.52822	-0.22905	-0.50334	0.84895	0.16105	0.27952	-0.01639	0.96000	
-761.26303	55.86781	158.24609	0.97309	16.19911	31.61616	0.15427	0.81777	0.52819	-0.22863	-0.50341	0.84897	0.16069	0.27898	-0.01631	0.96016	
-761.25961	55.84591	158.26134	0.96521	16.16851	31.62467	0.13212	0.81782	0.52827	-0.22825	-0.50361	0.84892	0.16034	0.27846	-0.01618	0.96031	
-761.25045	55.85203	158.26241	0.96622	16.16063	31.62482	0.12697	0.81785	0.52828	-0.22812	-0.50364	0.84892	0.16028	0.27833	-0.01620	0.96035	
-761.26747	55.85954	158.26794	0.99182	16.19324	31.61905	0.13974	0.81777	0.52830	-0.22837	-0.50347	0.84889	0.16093	0.27888	-0.01662	0.96018	
-761.25858	55.85035	158.26295	0.96238	16.19242	31.62329	0.14171	0.81773	0.52825	-0.22862	-0.50353	0.84894	0.16050	0.27886	-0.01613	0.96020	
-761.26302	55.85483	158.25084	0.96707	16.17370	31.62526	0.14520	0.81780	0.52829	-0.22830	-0.50361	0.84891	0.16041	0.27855	-0.01621	0.96028	
-761.25554	55.86988	158.25791	0.97472	16.20104	31.60839	0.14240	0.81783	0.52808	-0.22867	-0.50330	0.84904	0.16070	0.27901	-0.01634	0.96015	
-761.25692	55.87738	158.24979	0.95870	16.13712	31.61208	0.13666	0.81806	0.52805	-0.22789	-0.50351	0.84906	0.15991	0.27794	-0.01607	0.96046	
-761.25648	55.87255	158.27408	0.98228	16.26128	31.60720	0.16617	0.81759	0.52810	-0.22946	-0.50313	0.84902	0.16133	0.28002	-0.01646	0.95985	
-761.25471	55.86478	158.24889	0.96144	16.14798	31.62258	0.13735	0.81792	0.52822	-0.22799	-0.50364	0.84895	0.16009	0.27812	-0.01612	0.96041	
-761.24139	55.88176	158.29098	0.97455	16.20935	31.62181	0.13609	0.81768	0.52828	-0.22875	-0.50347	0.84891	0.16082	0.27915	-0.01633	0.96011	
-761.25253	55.88555	158.27371	0.96704	16.17327	31.61941	0.14329	0.81785	0.52820	-0.22831	-0.50353	0.84896	0.16038	0.27854	-0.01621	0.96029	
-761.25539	55.88289	158.24977	0.95387	16.15258	31.62710	0.14037	0.81787	0.52826	-0.22812	-0.50369	0.84893	0.16004	0.27820	-0.01599	0.96039	
-761.23668	55.87282	158.23760	0.96617	16.21379	31.62060	0.14822	0.81767	0.52823	-0.22889	-0.50344	0.84895	0.16073	0.27922	-0.01619	0.96009	
-761.24084	55.84271	158.21385	0.94778	16.14447	31.63124	0.12416	0.81786	0.52829	-0.22804	-0.50377	0.84891	0.15989	0.27806	-0.01589	0.96043	
-761.24153	55.84649	158.24058	0.95655	16.17219	31.63105	0.12538	0.81775	0.52833	-0.22836	-0.50369	0.84889	0.16027	0.27852	-0.01603	0.96030	
-761.24251	55.86095	158.24467	0.96105	16.14238	31.63505	0.14378	0.81784	0.52840	-0.22788	-0.50383	0.84884	0.16009	0.27803	-0.01611	0.96044	
-761.21199	55.87688	158.26394	0.96980	16.16086	31.61858	0.13734	0.81791	0.52820	-0.22811	-0.50355	0.84897	0.16031	0.27834	-0.01626	0.96035	
-761.22860	55.85513	158.27994	0.97033	16.21761	31.62118	0.12838	0.81765	0.52825	-0.22891	-0.50344	0.84893	0.16083	0.27929	-0.01626	0.96007	
-761.24630	55.85923	158.26634	0.97224	16.19716	31.62953	0.15103	0.81766	0.52838	-0.22858	-0.50361	0.84885	0.16071	0.27894	-0.01629	0.96017	
-761.23408	55.84372	158.23973	0.94552	16.17565	31.62712	0.13674	0.81777	0.52823	-0.22852	-0.50363	0.84895	0.16012	0.27858	-0.01585	0.96028	
-761.24046	55.85079	158.23858	0.95471	16.19036	31.62919	0.14082	0.81769	0.52830	-0.22864	-0.50362	0.84891	0.16039	0.27883	-0.01600	0.96021	
-761.23658	55.84363	158.25544	0.95809	16.20666	31.62581	0.14172	0.81765	0.52827	-0.22885	-0.50353	0.84892	0.16057	0.27910	-0.01606	0.96013	
-761.22756	55.85159	158.25808	0.96901	16.24180	31.62047	0.15623	0.81755	0.52824	-0.22927	-0.50337	0.84894	0.16102	0.27969	-0.01624	0.95995	
-761.23424	55.84425	158.23927	0.96120	16.16852	31.62631	0.13035	0.81781	0.52828	-0.22828	-0.50364	0.84892	0.16028	0.27846	-0.01611	0.96031	
-761.22434	55.87206	158.25990	0.95885	16.20001	31.62397	0.14800	0.81770	0.52824	-0.22876	-0.50352	0.84894	0.16052	0.27899	-0.01607	0.96016	
-761.22206	55.85494	158.25053	0.93402	16.12295	31.62801	0.11553	0.81798	0.52819	-0.22787	-0.50378	0.84898	0.15949	0.27770	-0.01566	0.96054	
-761.21104	55.85446	158.25741	0.97241	16.22412	31.62564	0.13691	0.81758	0.52833	-0.22897	-0.50348	0.84888	0.16094	0.27940	-0.01630	0.96004	
-761.21549	55.86285	158.23820	0.95395	16.22939	31.62257	0.14921	0.81759	0.52821	-0.22922	-0.50343	0.84896	0.16070	0.27948	-0.01599	0.96002	
-761.22271	55.82912	158.22106	0.95597	16.12274	31.63712	0.12322	0.81790	0.52841	-0.22764	-0.50391	0.84884	0.15985	0.27770	-0.01603	0.96054	
-761.23162	55.85390	158.23092	0.98395	16.18527	31.62186	0.16163	0.81778	0.52831	-0.22832	-0.50353	0.84889	0.16075	0.27874	-0.01649	0.96022	
-761.21301	55.84141	158.25063	0.96409	16.20198	31.62617	0.14165	0.81767	0.52830	-0.22873	-0.50355	0.84891	0.16062	0.27902	-0.01616	0.96015	
-761.21097	55.83785	158.24170	0.96017	16.14322	31.62971	0.12903	0.81788	0.52832	-0.22792	-0.50375	0.84889	0.16006	0.27804	-0.01610	0.96043	
-761.21914	55.83994	158.24834	0.95598	16.19258	31.62791	0.13282	0.81769	0.52829	-0.22866	-0.50360	0.84891	0.16042	0.27887	-0.01602	0.96020	
-761.22892	55.84134	158.26671	0.96151	16.16839	31.63351	0.13673	0.81774	0.52839	-0.22825	-0.50374	0.84885	0.16032	0.27846	-0.01612	0.96031	
-761.23008	55.84679	158.22864	0.94278	16.15001	31.64271	0.14228	0.81774	0.52845	-0.22814	-0.50392	0.84882	0.15991	0.27815	-0.01580	0.96041	
-761.21512	55.83270	158.25868	0.96566	16.15111	31.62727	0.13779	0.81787	0.52831	-0.22799	-0.50369	0.84890	0.16020	0.27817	-0.01619	0.96039	
-761.22403	55.84377	158.24078	0.95027	16.14845	31.62968	0.13767	0.81786	0.52828	-0.22808	-0.50374	0.84892	0.15996	0.27813	-0.01593	0.96041	
-761.22840	55.81662	158.22564	0.96525	16.17770	31.64035	0.14445	0.81765	0.52851	-0.22833	-0.50381	0.84877	0.16048	0.27862	-0.01618	0.96027	
-761.21585	55.82099	158.22748	0.95745	16.17203	31.63293	0.13898	0.81773	0.52836	-0.22834	-0.50372	0.84887	0.16028	0.27852	-0.01605	0.96030	
-761.21630	55.83033	158.23972	0.96000	16.20790	31.62193	0.14813	0.81768	0.52822	-0.22886	-0.50347	0.84895	0.16059	0.27912	-0.01609	0.96012	
-761.21711	55.82502	158.21576	0.95385	16.12404	31.64072	0.12208	0.81786	0.52845	-0.22767	-0.50396	0.84881	0.15984	0.27772	-0.01599	0.96053	
-761.20054	55.83216	158.26224	0.96457	16.25446	31.61812	0.15346	0.81752	0.52819	-0.22950	-0.50330	0.84897	0.16106	0.27990	-0.01616	0.95989	
-761.21114	55.83257	158.22772	0.95555	16.17888	31.62322	0.14069	0.81779	0.52821	-0.22849	-0.50357	0.84896	0.16028	0.27864	-0.01602	0.96026	
-761.21991	55.84188	158.25348	0.95973	16.18063	31.62797	0.14420	0.81774	0.52830	-0.22846	-0.50363	0.84890	0.16037	0.27867	-0.01609	0.96025	
-761.21574	55.81746	158.22941	0.94957	16.15787	31.63168	0.11722	0.81780	0.52831	-0.22822	-0.50374	0.84890	0.16004	0.27828	-0.01592	0.96037	
-761.23288	55.83239	158.24386	0.96378	16.20328	31.63322	0.15313	0.81760	0.52840	-0.22873	-0.50365	0.84884	0.16065	0.27905	-0.01615	0.96014	
-761.22469	55.82230	158.23028	0.95291	16.19131	31.63174	0.14180	0.81767	0.52833	-0.22866	-0.50366	0.84889	0.16038	0.27885	-0.01597	0.96020	
-761.21849	55.84715	158.24553	0.95160	16.20271	31.62800	0.14455	0.81765	0.52828	-0.22885	-0.50357	0.84892	0.16045	0.27904	-0.01595	0.96015	
-761.23605	55.84034	158.24788	0.94864	16.18683	31.62963	0.13445	0.81770	0.52828	-0.22865	-0.50364	0.84892	0.16027	0.27877	-0.01590	0.96023	
-761.22573	55.85131	158.23725	0.95017	16.12871	31.62188	0.12086	0.81801	0.52816	-0.22782	-0.50367	0.84899	0.15975	0.27780	-0.01593	0.96051	
-761.21246	55.84623	158.28115	0.98681	16.21478	31.62444	0.15149	0.81763	0.52837	-0.22871	-0.50349	0.84886	0.16106	0.27924	-0.01654	0.96008	
-761.22622	55.85148	158.23852	0.95600	16.15687	31.62412	0.13279	0.81787	0.52822	-0.22817	-0.50363	0.84895	0.16009	0.27827	-0.01603	0.96037	
-761.23956	55.85002	158.25836	0.96109	16.19769	31.62923	0.14170	0.81766	0.52833	-0.22869	-0.50360	0.84889	0.16055	0.27895	-0.01611	0.96017	
-761.23055	55.86715	158.22399	0.95960	16.17167	31.62296	0.14266	0.81782	0.52823	-0.22835	-0.50358	0.84895	0.16027	0.27852	-0.01608	0.96030	
-761.22775	55.85436	158.23772	0.94806	16.17350	31.62288	0.12919	0.81782	0.52818	-0.22848	-0.50357	0.84898	0.16012	0.27855	-0.01589	0.96029	
-761.23512	55.85509	158.25089	0.96421	16.18063	31.62444	0.13998	0.81777	0.52827	-0.22843	-0.50358	0.84892	0.16043	0.27867	-0.01616	0.96025	
-761.22235	55.85687	158.23560	0.92845	16.10137	31.63818	0.11613	0.81798	0.52831	-0.22759	-0.50398	0.84891	0.15925	0.27734	-0.01557	0.96065	
-761.21723	55.86885	158.26351	0.96128	16.18008	31.62092	0.13590	0.81781	0.52820	-0.22846	-0.50353	0.84896	0.16036	0.27866	-0.01611	0.96026	
-761.21498	55.85641	158.26902	0.96605	16.19420	31.62812	0.13837	0.81768	0.52833	-0.22859	-0.50360	0.84888	0.16059	0.27889	-0.01619	0.96019	
-761.21408	55.86292	158.24045	0.94968	16.18065	31.62547	0.14131	0.81776	0.52823	-0.22856	-0.50359	0.84896	0.16022	0.27867	-0.01592	0.96026	
-761.20317	55.84845	158.25199	0.95565	16.18645	31.62699	0.14295	0.81773	0.52827	-0.22858	-0.50360	0.84892	0.16036	0.27876	-0.01602	0.96023	
-761.22199	55.83282	158.27032	0.96483	16.20952	31.63415	0.15123	0.81757	0.52842	-0.22881	-0.50364	0.84883	0.16073	0.27915	-0.01617	0.96011	
-761.21583	55.85942	158.25349	0.96633	16.20246	31.62905	0.14109	0.81764	0.52835	-0.22871	-0.50359	0.84887	0.16067	0.27903	-0.01620	0.96015	
-761.21638	55.87500	158.25807	0.97440	16.15937	31.62001	0.14345	0.81790	0.52824	-0.22804	-0.50357	0.84894	0.16037	0.27831	-0.01633	0.96035	
-761.20205	55.85614	158.24211	0.95523	16.17990	31.61777	0.14043	0.81784	0.52813	-0.22852	-0.50349	0.84901	0.16026	0.27865	-0.01601	0.96026	
-761.21365	55.84573	158.23071	0.96915	16.20205	31.62819	0.15407	0.81765	0.52835	-0.22868	-0.50358	0.84887	0.16070	0.27903	-0.01624	0.96015	
-761.20666	55.83186	158.21289	0.92612	16.11377	31.63480	0.10601	0.81796	0.52825	-0.22780	-0.50390	0.84894	0.15932	0.27755	-0.01553	0.96059	
-761.19445	55.86164	158.25289	0.93833	16.15897	31.63025	0.13900	0.81781	0.52825	-0.22834	-0.50372	0.84895	0.15988	0.27830	-0.01573	0.96036	
-761.21376	55.85131	158.25117	0.95783	16.18917	31.63851	0.13962	0.81761	0.52845	-0.22857	-0.50376	0.84881	0.16046	0.27881	-0.01605	0.96021	
-761.20980	55.85849	158.26297	0.96262	16.18917	31.62725	0.14622	0.81771	0.52831	-0.22856	-0.50360	0.84890	0.16049	0.27881	-0.01613	0.96021	
-761.21507	55.86146	158.22908	0.94177	16.14270	31.62476	0.11980	0.81793	0.52817	-0.22809	-0.50368	0.84899	0.15976	0.27803	-0.01579	0.96044	
-761.21591	55.85963	158.26059	0.96513	16.18499	31.62132	0.14850	0.81778	0.52823	-0.22849	-0.50352	0.84895	0.16047	0.27874	-0.01618	0.96023	
-761.20711	55.84127	158.25027	0.95208	16.15032	31.62867	0.12961	0.81786	0.52828	-0.22810	-0.50372	0.84892	0.16000	0.27816	-0.01596	0.96040	
-761.20519	55.84318	158.23457	0.95479	16.16749	31.62419	0.13362	0.81783	0.52822	-0.22833	-0.50361	0.84895	0.16017	0.27845	-0.01600	0.96032	
-761.21575	55.84346	158.26868	0.96702	16.18826	31.62576	0.14060	0.81773	0.52830	-0.22851	-0.50358	0.84890	0.16054	0.27879	-0.01621	0.96021	
-761.19927	55.84634	158.25342	0.96570	16.16202	31.62869	0.13862	0.81781	0.52833	-0.22814	-0.50369	0.84888	0.16030	0.27835	-0.01619	0.96034	
-761.20239	55.85007	158.26445	0.95927	16.22152	31.61728	0.14847	0.81767	0.52815	-0.22908	-0.50337	0.84900	0.16068	0.27935	-0.01608	0.96005	
-761.20419	55.86880	158.25117	0.96957	16.17214	31.63054	0.13573	0.81776	0.52838	-0.22824	-0.50369	0.84885	0.16046	0.27852	-0.01625	0.96029	
-761.21685	55.84870	158.25382	0.95644	16.17696	31.62546	0.13496	0.81778	0.52825	-0.22844	-0.50360	0.84894	0.16028	0.27860	-0.01603	0.96027	
-761.20508	55.82481	158.27518	0.97276	16.21533	31.63377	0.13780	0.81755	0.52845	-0.22882	-0.50362	0.84881	0.16090	0.27925	-0.01630	0.96008	
-761.21421	55.84765	158.24738	0.96010	16.18592	31.63695	0.13167	0.81764	0.52844	-0.22851	-0.50374	0.84882	0.16046	0.27876	-0.01609	0.96023	
-761.22088	55.82995	158.22656	0.95701	16.16857	31.64013	0.13218	0.81769	0.52847	-0.22828	-0.50383	0.84880	0.16028	0.27846	-0.01604	0.96031	
-761.21559	55.84574	158.22269	0.95799	16.14718	31.62718	0.12971	0.81789	0.52828	-0.22800	-0.50370	0.84892	0.16005	0.27811	-0.01606	0.96042	
-761.19564	55.84137	158.25221	0.96211	16.21557	31.63776	0.14151	0.81751	0.52847	-0.22891	-0.50368	0.84880	0.16076	0.27925	-0.01612	0.96008	
-761.24150	55.73001	158.51703	0.76336	15.72346	31.58894	0.33626	0.81995	0.52685	-0.22384	-0.50422	0.84986	0.15329	0.27099	-0.01282	0.96250	
-761.21343	55.86987	158.25271	0.96385	16.22635	31.61417	0.14704	0.81767	0.52813	-0.22911	-0.50332	0.84901	0.16078	0.27943	-0.01615	0.96003	
-761.21195	55.83167	158.25498	0.94534	16.17963	31.63522	0.13571	0.81768	0.52835	-0.22856	-0.50374	0.84888	0.16018	0.27865	-0.01585	0.96026	
-761.20418	55.83309	158.25451	0.94784	16.17876	31.62506	0.12952	0.81778	0.52821	-0.22855	-0.50359	0.84896	0.16017	0.27864	-0.01589	0.96027	
-761.21565	55.85880	158.26022	0.96435	16.18072	31.63423	0.12556	0.81769	0.52841	-0.22840	-0.50372	0.84883	0.16047	0.27867	-0.01616	0.96025	
-761.20495	55.86180	158.28994	0.98626	16.27845	31.62278	0.15239	0.81738	0.52836	-0.22963	-0.50330	0.84886	0.16161	0.28031	-0.01652	0.95977	
-761.20280	55.85723	158.23994	0.96017	16.14246	31.62986	0.14019	0.81788	0.52832	-0.22791	-0.50375	0.84889	0.16005	0.27803	-0.01610	0.96044	
-761.21807	55.87529	158.22851	0.95747	16.16080	31.62502	0.15107	0.81785	0.52824	-0.22821	-0.50364	0.84894	0.16016	0.27833	-0.01605	0.96035	
-761.21108	55.85906	158.23956	0.95546	16.19199	31.63038	0.14297	0.81767	0.52832	-0.22865	-0.50363	0.84889	0.16042	0.27886	-0.01601	0.96020	
-761.21235	55.84997	158.23365	0.97709	16.15708	31.62509	0.15442	0.81787	0.52832	-0.22797	-0.50365	0.84889	0.16041	0.27827	-0.01638	0.96036	
-761.22670	55.85936	158.22655	0.95896	16.17334	31.62860	0.13833	0.81777	0.52831	-0.22836	-0.50366	0.84890	0.16030	0.27854	-0.01607	0.96029	
-761.20447	55.86459	158.20692	0.94580	16.12859	31.63283	0.12578	0.81791	0.52831	-0.22783	-0.50383	0.84891	0.15973	0.27779	-0.01586	0.96051	
-761.20732	55.85258	158.24027	0.95555	16.16033	31.61963	0.14447	0.81790	0.52816	-0.22823	-0.50356	0.84900	0.16010	0.27833	-0.01602	0.96035	
-761.22183	55.88854	158.24732	0.97068	16.20011	31.63013	0.15779	0.81764	0.52838	-0.22863	-0.50361	0.84885	0.16072	0.27899	-0.01627	0.96016	
-761.21173	55.86266	158.27276	0.95541	16.19528	31.62652	0.15283	0.81769	0.52827	-0.22871	-0.50357	0.84893	0.16043	0.27891	-0.01601	0.96018	
-761.21348	55.87099	158.25461	0.94510	16.15953	31.62791	0.14186	0.81783	0.52824	-0.22829	-0.50368	0.84895	0.15997	0.27831	-0.01584	0.96036	
-761.20817	55.87585	158.26067	0.95304	16.22878	31.61507	0.15293	0.81766	0.52810	-0.22924	-0.50332	0.84903	0.16065	0.27947	-0.01597	0.96002	
-761.21351	55.85246	158.23574	0.94067	16.12693	31.63347	0.12221	0.81792	0.52830	-0.22785	-0.50384	0.84891	0.15964	0.27777	-0.01577	0.96052	
-761.20537	55.86320	158.23955	0.94705	16.13535	31.63241	0.12844	0.81789	0.52831	-0.22792	-0.50381	0.84891	0.15981	0.27791	-0.01588	0.96048	
-761.21035	55.85851	158.24197	0.96897	16.20894	31.62219	0.15245	0.81768	0.52826	-0.22879	-0.50347	0.84893	0.16074	0.27914	-0.01624	0.96011	
-761.20458	55.85785	158.24784	0.96135	16.16768	31.63569	0.14486	0.81773	0.52842	-0.22824	-0.50377	0.84883	0.16032	0.27845	-0.01611	0.96032	
-761.21727	55.86446	158.22705	0.95183	16.15553	31.62635	0.13523	0.81786	0.52824	-0.22818	-0.50367	0.84894	0.16003	0.27825	-0.01596	0.96038	
-761.20335	55.85594	158.25037	0.97624	16.18764	31.62309	0.15165	0.81776	0.52830	-0.22842	-0.50354	0.84890	0.16066	0.27878	-0.01636	0.96021	
-761.20687	55.85630	158.26778	0.95765	16.21207	31.63095	0.15325	0.81759	0.52835	-0.22892	-0.50359	0.84888	0.16063	0.27919	-0.01605	0.96010	
-761.21502	55.86895	158.21397	0.93295	16.11033	31.63197	0.12640	0.81800	0.52824	-0.22769	-0.50387	0.84895	0.15938	0.27749	-0.01564	0.96060	
-761.21354	55.85870	158.23286	0.95294	16.16279	31.63072	0.13572	0.81779	0.52831	-0.22826	-0.50371	0.84890	0.16013	0.27837	-0.01597	0.96034	
-761.21452	55.83157	158.23922	0.94876	16.16210	31.64305	0.12261	0.81769	0.52848	-0.22825	-0.50389	0.84880	0.16011	0.27836	-0.01590	0.96035	
-761.20899	55.84807	158.22920	0.96272	16.16378	31.62731	0.13196	0.81782	0.52830	-0.22819	-0.50366	0.84890	0.16027	0.27838	-0.01614	0.96033	
-761.20450	55.85332	158.25363	0.96171	16.22019	31.62865	0.15975	0.81757	0.52833	-0.22900	-0.50354	0.84889	0.16075	0.27933	-0.01612	0.96006	
-761.19914	55.85500	158.26190	0.96728	16.22731	31.63501	0.14478	0.81749	0.52845	-0.22904	-0.50361	0.84881	0.16092	0.27945	-0.01621	0.96002	
-761.21065	55.84935	158.25879	0.96269	16.21544	31.63287	0.14349	0.81756	0.52840	-0.22892	-0.50361	0.84885	0.16074	0.27925	-0.01613	0.96008	
-761.18814	55.84761	158.24976	0.95070	16.17861	31.62953	0.12727	0.81774	0.52829	-0.22851	-0.50366	0.84892	0.16023	0.27863	-0.01594	0.96027	
-761.19357	55.83824	158.26060	0.96757	16.18263	31.63510	0.13881	0.81767	0.52844	-0.22840	-0.50373	0.84882	0.16054	0.27870	-0.01622	0.96024	
-761.20631	55.83667	158.24347	0.93942	16.15613	31.63785	0.14191	0.81776	0.52836	-0.22827	-0.50383	0.84887	0.15990	0.27826	-0.01575	0.96038	
-761.20345	55.84237	158.22212	0.94612	16.14394	31.62774	0.13208	0.81790	0.52824	-0.22806	-0.50372	0.84895	0.15985	0.27805	-0.01586	0.96044	
-761.20016	55.85283	158.25421	0.96821	16.17273	31.62771	0.14006	0.81778	0.52833	-0.22827	-0.50365	0.84888	0.16043	0.27853	-0.01623	0.96029	
-761.21939	55.85667	158.25122	0.94755	16.17174	31.63419	0.12976	0.81772	0.52834	-0.22843	-0.50374	0.84888	0.16014	0.27852	-0.01588	0.96030	
-761.19925	55.84787	158.25085	0.96450	16.20163	31.62527	0.14345	0.81768	0.52829	-0.22872	-0.50354	0.84891	0.16062	0.27902	-0.01616	0.96015	
-761.20183	55.85806	158.26435	0.95961	16.20322	31.62967	0.14376	0.81763	0.52833	-0.22878	-0.50360	0.84889	0.16058	0.27905	-0.01608	0.96014	
-761.20138	55.86466	158.26787	0.95729	16.19486	31.63275	0.14683	0.81764	0.52837	-0.22867	-0.50366	0.84886	0.16048	0.27890	-0.01604	0.96018	
-761.20209	55.82480	158.26075	0.95879	16.18888	31.63403	0.13147	0.81766	0.52839	-0.22857	-0.50369	0.84885	0.16046	0.27880	-0.01607	0.96021	
-761.22059	55.82184	158.22995	0.94846	16.17242	31.64619	0.12740	0.81762	0.52853	-0.22840	-0.50391	0.84877	0.16021	0.27853	-0.01590	0.96030	
-761.22037	55.81978	158.22350	0.94690	16.13293	31.63416	0.11952	0.81789	0.52833	-0.22788	-0.50384	0.84889	0.15979	0.27787	-0.01587	0.96049	
-761.20764	55.84493	158.22873	0.95481	16.17476	31.63956	0.13900	0.81766	0.52845	-0.22839	-0.50381	0.84881	0.16030	0.27857	-0.01600	0.96028	
-761.19736	55.84020	158.24372	0.95127	16.16202	31.62556	0.13688	0.81784	0.52823	-0.22828	-0.50364	0.84895	0.16008	0.27835	-0.01595	0.96035	
-761.19844	55.83840	158.24886	0.95001	16.17460	31.63063	0.13528	0.81774	0.52830	-0.22846	-0.50368	0.84891	0.16019	0.27857	-0.01592	0.96029	
-761.21182	55.83096	158.25994	0.94756	16.16946	31.63635	0.12410	0.81772	0.52838	-0.22839	-0.50378	0.84886	0.16013	0.27848	-0.01588	0.96031	
-761.19323	55.83548	158.25677	0.96746	16.19020	31.62234	0.14210	0.81775	0.52825	-0.22854	-0.50352	0.84893	0.16055	0.27883	-0.01621	0.96020	
-761.20933	55.83537	158.26807	0.94157	16.18810	31.62948	0.13686	0.81770	0.52825	-0.22873	-0.50363	0.84894	0.16018	0.27879	-0.01578	0.96022	
-761.19698	55.81917	158.25928	0.95961	16.18601	31.62884	0.13944	0.81771	0.52832	-0.22853	-0.50363	0.84890	0.16042	0.27876	-0.01608	0.96023	
-761.20986	55.84197	158.27755	0.96671	16.26001	31.62802	0.15421	0.81741	0.52835	-0.22953	-0.50343	0.84887	0.16118	0.28000	-0.01620	0.95986	
-761.21247	55.83572	158.23369	0.96214	16.18731	31.63346	0.14899	0.81767	0.52839	-0.22852	-0.50369	0.84885	0.16049	0.27878	-0.01613	0.96022	
-761.22278	55.83217	158.24117	0.96110	16.17704	31.63451	0.14070	0.81770	0.52840	-0.22838	-0.50373	0.84884	0.16039	0.27861	-0.01611	0.96027	
-761.20615	55.83880	158.24493	0.97382	16.16155	31.63067	0.13824	0.81780	0.52839	-0.22805	-0.50372	0.84884	0.16043	0.27835	-0.01632	0.96034	
-761.20383	55.84166	158.24772	0.95356	16.19719	31.63188	0.14920	0.81764	0.52834	-0.22874	-0.50364	0.84888	0.16044	0.27894	-0.01598	0.96017	
-761.20328	55.83771	158.24774	0.94560	16.13599	31.63434	0.13572	0.81787	0.52833	-0.22793	-0.50383	0.84889	0.15980	0.27792	-0.01585	0.96047	
-761.19893	55.86460	158.25654	0.96850	16.17970	31.62018	0.15487	0.81781	0.52822	-0.22839	-0.50352	0.84895	0.16047	0.27865	-0.01623	0.96026	
-761.19471	55.85334	158.25880	0.95581	16.21243	31.62244	0.15860	0.81766	0.52821	-0.22896	-0.50347	0.84896	0.16057	0.27920	-0.01602	0.96010	
-761.21776	55.84013	158.27279	0.96107	16.18226	31.61710	0.14519	0.81783	0.52815	-0.22850	-0.50347	0.84900	0.16037	0.27869	-0.01611	0.96024	
-761.21175	55.86566	158.27196	0.97826	16.16891	31.63285	0.13721	0.81775	0.52845	-0.22811	-0.50373	0.84881	0.16057	0.27847	-0.01640	0.96030	
-761.20865	55.84038	158.25701	0.94708	16.16638	31.64387	0.12968	0.81766	0.52848	-0.22833	-0.50389	0.84879	0.16013	0.27843	-0.01588	0.96033	
-761.20588	55.86053	158.25628	0.97213	16.23253	31.62127	0.16219	0.81759	0.52826	-0.22910	-0.50340	0.84892	0.16099	0.27954	-0.01629	0.96000	
-761.21516	55.83876	158.22365	0.95239	16.17830	31.64151	0.13010	0.81763	0.52847	-0.22846	-0.50383	0.84880	0.16030	0.27863	-0.01596	0.96027	
-761.21024	55.86004	158.23301	0.96491	16.17023	31.63269	0.13415	0.81774	0.52839	-0.22825	-0.50372	0.84885	0.16038	0.27849	-0.01617	0.96030	
-761.20215	55.86784	158.23451	0.96831	16.19955	31.62236	0.15123	0.81771	0.52826	-0.22867	-0.50350	0.84893	0.16065	0.27898	-0.01623	0.96016	
-761.20435	55.86060	158.26547	0.94640	16.18305	31.63045	0.14446	0.81771	0.52829	-0.22861	-0.50366	0.84892	0.16021	0.27871	-0.01586	0.96025	
-761.20308	55.84777	158.26586	0.97014	16.17734	31.62409	0.14482	0.81779	0.52829	-0.22833	-0.50358	0.84891	0.16048	0.27861	-0.01626	0.96027	
-761.20727	55.84180	158.23779	0.92498	16.18041	31.63704	0.13335	0.81766	0.52830	-0.22875	-0.50376	0.84892	0.15989	0.27866	-0.01550	0.96026	
-761.21004	55.85141	158.26097	0.95209	16.20308	31.62844	0.14300	0.81765	0.52828	-0.22885	-0.50358	0.84892	0.16046	0.27904	-0.01596	0.96015	
-761.20040	55.86673	158.26838	0.99218	16.23035	31.61636	0.14504	0.81764	0.52827	-0.22890	-0.50334	0.84891	0.16125	0.27950	-0.01663	0.96000	
-761.19914	55.86055	158.25217	0.96528	16.17466	31.62324	0.14554	0.81781	0.52825	-0.22834	-0.50358	0.84893	0.16039	0.27857	-0.01618	0.96028	
-761.19455	55.86232	158.23358	0.95252	16.20877	31.62441	0.15262	0.81766	0.52823	-0.22894	-0.50351	0.84895	0.16050	0.27914	-0.01596	0.96012	
-761.20229	55.84707	158.26743	0.96736	16.18596	31.62834	0.13275	0.81772	0.52834	-0.22846	-0.50362	0.84888	0.16054	0.27876	-0.01621	0.96023	
-761.20475	55.86216	158.24743	0.95199	16.17243	31.62676	0.13927	0.81779	0.52825	-0.22842	-0.50363	0.84894	0.16018	0.27853	-0.01596	0.96030	
-761.20195	55.86079	158.26040	0.96363	16.18750	31.62925	0.13489	0.81770	0.52834	-0.22852	-0.50363	0.84888	0.16050	0.27878	-0.01615	0.96022	
-761.22060	55.87615	158.26464	0.97136	16.19028	31.62022	0.13968	0.81777	0.52824	-0.22851	-0.50349	0.84894	0.16060	0.27883	-0.01628	0.96020	
-761.23413	55.83195	158.26460	0.95117	16.17383	31.62777	0.13165	0.81777	0.52826	-0.22844	-0.50364	0.84893	0.16019	0.27855	-0.01594	0.96029	
-761.21404	55.85089	158.26492	0.95333	16.16140	31.63264	0.13482	0.81778	0.52834	-0.22823	-0.50374	0.84888	0.16013	0.27834	-0.01598	0.96035	
-761.20659	55.87315	158.25892	0.95723	16.19325	31.62012	0.13847	0.81776	0.52818	-0.22868	-0.50348	0.84898	0.16042	0.27888	-0.01604	0.96019	
-761.20558	55.83674	158.24404	0.94097	16.11945	31.63195	0.12036	0.81796	0.52827	-0.22775	-0.50384	0.84893	0.15957	0.27764	-0.01578	0.96056	
-761.21715	55.85054	158.26837	0.95906	16.21393	31.63322	0.13871	0.81756	0.52839	-0.22893	-0.50362	0.84885	0.16068	0.27922	-0.01607	0.96009	
-761.21361	55.86412	158.26629	0.95451	16.21888	31.63084	0.14443	0.81756	0.52833	-0.22905	-0.50357	0.84889	0.16064	0.27931	-0.01600	0.96007	
-761.20583	55.83760	158.28418	0.97401	16.17822	31.61903	0.14232	0.81783	0.52823	-0.22832	-0.50351	0.84895	0.16053	0.27863	-0.01633	0.96026	
-761.21066	55.85025	158.28536	0.97589	16.18629	31.62239	0.14252	0.81777	0.52829	-0.22841	-0.50353	0.84891	0.16064	0.27876	-0.01636	0.96022	
-761.22160	55.85307	158.26957	0.96991	16.21946	31.63435	0.14758	0.81753	0.52845	-0.22890	-0.50362	0.84881	0.16089	0.27932	-0.01625	0.96006	
-761.21924	55.84966	158.23187	0.94346	16.16414	31.63685	0.13800	0.81773	0.52837	-0.22835	-0.50380	0.84887	0.16002	0.27839	-0.01581	0.96034	
-761.21262	55.84628	158.27120	0.95736	16.16508	31.62752	0.15374	0.81781	0.52828	-0.22826	-0.50366	0.84892	0.16020	0.27841	-0.01605	0.96033	
-761.21203	55.85012	158.26074	0.96356	16.17676	31.62485	0.14581	0.81779	0.52827	-0.22838	-0.50359	0.84892	0.16038	0.27860	-0.01615	0.96027	
-761.20326	55.85466	158.28692	0.97174	16.23541	31.62046	0.17123	0.81758	0.52825	-0.22915	-0.50338	0.84893	0.16100	0.27958	-0.01628	0.95998	
-761.20193	55.85275	158.28436	0.96987	16.23565	31.62651	0.15890	0.81753	0.52833	-0.22916	-0.50347	0.84888	0.16100	0.27959	-0.01625	0.95998	
-761.19421	55.83777	158.27693	0.96524	16.21688	31.62208	0.14469	0.81764	0.52825	-0.22894	-0.50345	0.84894	0.16075	0.27927	-0.01618	0.96008	
-761.20724	55.85284	158.23229	0.94825	16.20413	31.63323	0.14888	0.81760	0.52834	-0.22889	-0.50364	0.84888	0.16043	0.27906	-0.01589	0.96014	
-761.21161	55.86361	158.24135	0.95656	16.19977	31.62962	0.13504	0.81765	0.52832	-0.22876	-0.50360	0.84889	0.16050	0.27899	-0.01603	0.96016	
-761.19889	55.83944	158.24973	0.95948	16.20555	31.62400	0.13986	0.81767	0.52825	-0.22883	-0.50351	0.84894	0.16057	0.27908	-0.01608	0.96013	
-761.20383	55.83410	158.24598	0.96933	16.18093	31.63100	0.13518	0.81771	0.52839	-0.22837	-0.50367	0.84885	0.16053	0.27867	-0.01625	0.96025	
-761.20579	55.83782	158.24928	0.95258	16.15921	31.63275	0.14604	0.81779	0.52834	-0.22821	-0.50375	0.84888	0.16010	0.27831	-0.01597	0.96036	
-761.19756	55.86101	158.23774	0.95720	16.16186	31.63158	0.13202	0.81779	0.52834	-0.22820	-0.50373	0.84888	0.16019	0.27835	-0.01605	0.96035	
-761.19299	55.83901	158.25733	0.95794	16.17585	31.63256	0.12211	0.81772	0.52836	-0.22840	-0.50371	0.84887	0.16032	0.27859	-0.01606	0.96028	
-761.19881	55.87119	158.24096	0.95326	16.16919	31.62993	0.14586	0.81777	0.52830	-0.22835	-0.50369	0.84891	0.16019	0.27847	-0.01598	0.96031	
-761.20186	55.83613	158.27234	0.97045	16.19400	31.63863	0.14925	0.81759	0.52851	-0.22852	-0.50375	0.84877	0.16069	0.27889	-0.01626	0.96019	
-761.23765	55.73335	158.54754	0.78276	15.76670	31.59446	0.30454	0.81973	0.52702	-0.22427	-0.50419	0.84975	0.15398	0.27172	-0.01315	0.96229	
-761.20364	55.85442	158.25382	0.96454	16.18973	31.63356	0.13741	0.81766	0.52841	-0.22853	-0.50369	0.84884	0.16055	0.27882	-0.01617	0.96021	
-761.20490	55.85201	158.24561	0.97051	16.18199	31.62518	0.12873	0.81776	0.52830	-0.22839	-0.50359	0.84890	0.16053	0.27869	-0.01627	0.96024	
-761.22051	55.84959	158.25134	0.96461	16.17948	31.63005	0.12625	0.81773	0.52835	-0.22839	-0.50366	0.84887	0.16044	0.27865	-0.01617	0.96026	
-761.20636	55.86772	158.24320	0.96894	16.24342	31.62930	0.14887	0.81747	0.52837	-0.22927	-0.50349	0.84886	0.16107	0.27972	-0.01624	0.95994	
-761.20215	55.83067	158.25495	0.95379	16.15598	31.63920	0.12325	0.81775	0.52844	-0.22813	-0.50385	0.84882	0.16011	0.27825	-0.01599	0.96037	
-761.18653	55.85239	158.25385	0.95594	16.17583	31.63692	0.14832	0.81768	0.52842	-0.22840	-0.50377	0.84883	0.16031	0.27859	-0.01602	0.96028	
-761.19312	55.85306	158.26156	0.96486	16.18884	31.63284	0.13966	0.81767	0.52840	-0.22852	-0.50368	0.84884	0.16054	0.27880	-0.01617	0.96021	
-761.19688	55.83434	158.25881	0.96094	16.20515	31.62915	0.14504	0.81763	0.52833	-0.22880	-0.50358	0.84889	0.16061	0.27908	-0.01610	0.96013	
-761.20626	55.85699	158.25978	0.95646	16.20961	31.63094	0.15400	0.81760	0.52834	-0.22889	-0.50360	0.84888	0.16059	0.27915	-0.01603	0.96011	
-761.20309	55.81576	158.22535	0.91967	16.09710	31.64453	0.10699	0.81794	0.52837	-0.22759	-0.50408	0.84887	0.15911	0.27727	-0.01542	0.96067	
-761.19843	55.83519	158.25675	0.95116	16.14911	31.63156	0.12942	0.81784	0.52831	-0.22808	-0.50376	0.84890	0.15998	0.27814	-0.01595	0.96041	
-761.20730	55.85127	158.28307	0.97511	16.19527	31.62504	0.14427	0.81771	0.52832	-0.22853	-0.50355	0.84889	0.16072	0.27891	-0.01634	0.96018	
-761.20049	55.85951	158.25270	0.95769	16.20066	31.62371	0.14907	0.81770	0.52824	-0.22878	-0.50352	0.84895	0.16050	0.27900	-0.01605	0.96016	
-761.20335	55.83954	158.23413	0.94898	16.16407	31.63030	0.12907	0.81779	0.52829	-0.22832	-0.50370	0.84891	0.16008	0.27839	-0.01591	0.96034	
-761.20633	55.84239	158.24452	0.97031	16.21275	31.62839	0.13250	0.81761	0.52836	-0.22882	-0.50355	0.84887	0.16082	0.27920	-0.01626	0.96009	
-761.21351	55.82644	158.24575	0.96206	16.16504	31.63619	0.13397	0.81773	0.52843	-0.22819	-0.50379	0.84882	0.16030	0.27841	-0.01613	0.96033	
-761.22012	55.83392	158.22680	0.95791	16.17083	31.63005	0.13882	0.81776	0.52832	-0.22833	-0.50368	0.84889	0.16027	0.27850	-0.01606	0.96030	
-761.20648	55.84042	158.24738	0.96541	16.19979	31.62539	0.15043	0.81769	0.52829	-0.22869	-0.50354	0.84891	0.16062	0.27899	-0.01618	0.96016	
-761.20737	55.84794	158.25552	0.94766	16.17249	31.63557	0.13319	0.81771	0.52836	-0.22843	-0.50376	0.84887	0.16015	0.27853	-0.01588	0.96030	
-761.20721	55.84817	158.25712	0.96307	16.18018	31.62680	0.15380	0.81775	0.52830	-0.22843	-0.50361	0.84891	0.16042	0.27866	-0.01614	0.96025	
-761.19429	55.85659	158.29614	0.95482	16.22301	31.63339	0.14481	0.81752	0.52837	-0.22909	-0.50360	0.84886	0.16070	0.27938	-0.01600	0.96005	
-761.18816	55.86064	158.23976	0.93229	16.14659	31.62752	0.14207	0.81789	0.52818	-0.22823	-0.50371	0.84899	0.15967	0.27810	-0.01563	0.96043	
-761.20033	55.82739	158.22618	0.95402	16.15154	31.63323	0.13329	0.81782	0.52835	-0.22808	-0.50378	0.84888	0.16006	0.27818	-0.01599	0.96040	
-761.19400	55.81537	158.24425	0.97557	16.21429	31.63746	0.15216	0.81752	0.52851	-0.22877	-0.50368	0.84877	0.16094	0.27923	-0.01635	0.96008	
-761.21159	55.84970	158.22657	0.95693	16.15825	31.63568	0.12081	0.81777	0.52840	-0.22814	-0.50380	0.84884	0.16017	0.27829	-0.01604	0.96036	
-761.19497	55.82469	158.22085	0.95095	16.16574	31.63808	0.13392	0.81772	0.52841	-0.22830	-0.50381	0.84884	0.16015	0.27842	-0.01594	0.96033	
-761.20815	55.84964	158.23362	0.95512	16.16376	31.64352	0.13464	0.81768	0.52851	-0.22822	-0.50389	0.84878	0.16022	0.27838	-0.01601	0.96034	
-761.19600	55.85008	158.25752	0.95472	16.20789	31.62925	0.14850	0.81762	0.52831	-0.22889	-0.50358	0.84890	0.16054	0.27912	-0.01600	0.96012	
-761.21470	55.86100	158.25194	0.97678	16.17071	31.62203	0.14835	0.81784	0.52828	-0.22818	-0.50357	0.84891	0.16052	0.27850	-0.01637	0.96030	
-761.20317	55.86175	158.25738	0.95361	16.17541	31.63133	0.15190	0.81773	0.52833	-0.22843	-0.50369	0.84889	0.16025	0.27858	-0.01598	0.96028	
-761.20141	55.85236	158.23632	0.94912	16.18677	31.62409	0.13585	0.81775	0.52820	-0.22866	-0.50356	0.84897	0.16026	0.27877	-0.01591	0.96023	
-761.21011	55.84608	158.24300	0.95582	16.17732	31.62563	0.14402	0.81778	0.52825	-0.22845	-0.50360	0.84894	0.16028	0.27861	-0.01602	0.96027	
-761.19336	55.83738	158.25954	0.97246	16.21713	31.62258	0.14167	0.81764	0.52828	-0.22888	-0.50346	0.84891	0.16086	0.27928	-0.01630	0.96007	
-761.19489	55.83940	158.24366	0.97021	16.21671	31.63025	0.14905	0.81757	0.52839	-0.22887	-0.50357	0.84885	0.16086	0.27927	-0.01626	0.96007	
-761.21479	55.83517	158.23457	0.93997	16.13713	31.64847	0.13076	0.81774	0.52852	-0.22796	-0.50403	0.84878	0.15978	0.27794	-0.01576	0.96047	
-761.19635	55.82490	158.25114	0.95825	16.19175	31.62417	0.13351	0.81773	0.52824	-0.22864	-0.50355	0.84894	0.16044	0.27885	-0.01606	0.96020	
-761.23430	55.71676	158.49768	0.74082	15.71137	31.59489	0.30113	0.81995	0.52685	-0.22386	-0.50434	0.84987	0.15287	0.27079	-0.01245	0.96256	
-761.20140	55.82806	158.22565	0.93947	16.14076	31.62895	0.12918	0.81790	0.52823	-0.22807	-0.50374	0.84896	0.15973	0.27800	-0.01575	0.96045	
-761.19991	55.84143	158.27814	0.97022	16.21085	31.62236	0.15669	0.81767	0.52827	-0.22881	-0.50347	0.84892	0.16077	0.27917	-0.01626	0.96010	
-761.20152	55.86201	158.24073	0.96266	16.20538	31.63101	0.13045	0.81761	0.52837	-0.22878	-0.50361	0.84886	0.16065	0.27908	-0.01613	0.96013	
-761.19946	55.85387	158.24286	0.95612	16.19428	31.63753	0.13996	0.81760	0.52843	-0.22866	-0.50373	0.84882	0.16048	0.27890	-0.01602	0.96019	
-761.20973	55.83397	158.27009	0.96093	16.19919	31.64001	0.13482	0.81756	0.52849	-0.22868	-0.50375	0.84879	0.16060	0.27898	-0.01610	0.96016	
-761.19459	55.84272	158.25265	0.95356	16.14300	31.63315	0.12968	0.81785	0.52835	-0.22796	-0.50380	0.84888	0.15997	0.27804	-0.01599	0.96044	
-761.19995	55.84915	158.25205	0.96706	16.19775	31.62751	0.14226	0.81768	0.52833	-0.22864	-0.50358	0.84889	0.16063	0.27895	-0.01621	0.96017	
-761.20785	55.84599	158.24321	0.94527	16.13516	31.62601	0.13903	0.81795	0.52820	-0.22795	-0.50372	0.84897	0.15975	0.27790	-0.01585	0.96048	
-761.19545	55.84079	158.23180	0.94259	16.16130	31.63480	0.14419	0.81776	0.52833	-0.22832	-0.50378	0.84889	0.15998	0.27834	-0.01580	0.96035	
-761.19860	55.83140	158.26092	0.96640	16.18777	31.63948	0.13766	0.81761	0.52850	-0.22847	-0.50378	0.84878	0.16058	0.27879	-0.01620	0.96022	
-761.19236	55.84381	158.27176	0.97752	16.19256	31.62772	0.15101	0.81770	0.52837	-0.22847	-0.50360	0.84885	0.16074	0.27887	-0.01638	0.96019	
-761.19366	55.84806	158.26868	0.95510	16.20751	31.62562	0.13391	0.81765	0.52826	-0.22889	-0.50353	0.84893	0.16053	0.27912	-0.01601	0.96012	
-761.19000	55.85758	158.26777	0.96379	16.21630	31.63295	0.15168	0.81755	0.52840	-0.22892	-0.50361	0.84884	0.16077	0.27926	-0.01615	0.96008	
-761.20081	55.84388	158.23649	0.94542	16.16962	31.63976	0.14088	0.81768	0.52842	-0.22840	-0.50383	0.84884	0.16011	0.27848	-0.01585	0.96031	
-761.19347	55.83980	158.24502	0.95938	16.18214	31.62853	0.14908	0.81773	0.52831	-0.22848	-0.50363	0.84890	0.16038	0.27869	-0.01608	0.96025	
-761.19726	55.83878	158.20568	0.94134	16.09987	31.64476	0.10572	0.81793	0.52846	-0.22743	-0.50407	0.84881	0.15946	0.27731	-0.01578	0.96065	
-761.19816	55.84460	158.25175	0.94439	16.17639	31.64075	0.13706	0.81765	0.52843	-0.22850	-0.50382	0.84883	0.16016	0.27860	-0.01583	0.96028	
-761.18448	55.84231	158.23705	0.96004	16.14904	31.62888	0.13601	0.81787	0.52831	-0.22800	-0.50372	0.84890	0.16011	0.27814	-0.01609	0.96041	
-761.19591	55.82884	158.25621	0.94505	16.17263	31.63499	0.12796	0.81771	0.52835	-0.22846	-0.50375	0.84888	0.16011	0.27853	-0.01584	0.96030	
-761.18411	55.83815	158.23688	0.96478	16.20851	31.62881	0.15244	0.81762	0.52834	-0.22881	-0.50357	0.84888	0.16070	0.27913	-0.01617	0.96012	
-761.18806	55.83777	158.22140	0.93851	16.18088	31.63644	0.14111	0.81767	0.52834	-0.22864	-0.50375	0.84889	0.16010	0.27867	-0.01573	0.96026	
-761.19125	55.85531	158.23669	0.95097	16.18670	31.63069	0.13580	0.81769	0.52831	-0.22862	-0.50365	0.84890	0.16031	0.27877	-0.01594	0.96023	
-761.20882	55.85467	158.26029	0.96243	16.21218	31.63567	0.15578	0.81754	0.52843	-0.22886	-0.50366	0.84882	0.16072	0.27920	-0.01613	0.96010	
-761.19219	55.84735	158.24952	0.96704	16.15249	31.63746	0.12647	0.81778	0.52847	-0.22796	-0.50384	0.84880	0.16027	0.27819	-0.01621	0.96039	
-761.19814	55.84876	158.27306	0.96740	16.20246	31.62372	0.13900	0.81769	0.52828	-0.22871	-0.50351	0.84892	0.16066	0.27903	-0.01621	0.96014	
-761.19728	55.86277	158.27261	0.95930	16.22268	31.62950	0.15747	0.81755	0.52833	-0.22906	-0.50354	0.84888	0.16074	0.27937	-0.01608	0.96005	
-761.20368	55.85358	158.24201	0.94546	16.12604	31.63876	0.11745	0.81787	0.52839	-0.22778	-0.50392	0.84885	0.15973	0.27775	-0.01585	0.96052	
-761.19997	55.83711	158.24552	0.96770	16.17069	31.63649	0.14769	0.81771	0.52846	-0.22822	-0.50378	0.84880	0.16044	0.27850	-0.01622	0.96030	
-761.18037	55.85906	158.24220	0.94304	16.19066	31.62982	0.14533	0.81768	0.52827	-0.22875	-0.50363	0.84893	0.16022	0.27883	-0.01581	0.96021	
-761.18537	55.84993	158.22548	0.96210	16.20376	31.62393	0.13814	0.81768	0.52826	-0.22878	-0.50351	0.84893	0.16060	0.27905	-0.01612	0.96014	
-761.17679	55.85228	158.25089	0.95552	16.19294	31.62752	0.13782	0.81770	0.52828	-0.22868	-0.50359	0.84892	0.16042	0.27887	-0.01601	0.96019	
-761.19446	55.85100	158.25082	0.95511	16.18596	31.63313	0.15259	0.81768	0.52836	-0.22856	-0.50369	0.84887	0.16037	0.27876	-0.01601	0.96023	
-761.19752	55.85450	158.23728	0.93536	16.18227	31.64548	0.13634	0.81758	0.52846	-0.22866	-0.50387	0.84881	0.16010	0.27869	-0.01568	0.96025	
-761.20881	55.85076	158.25079	0.95384	16.15925	31.63532	0.12790	0.81777	0.52838	-0.22819	-0.50379	0.84886	0.16013	0.27831	-0.01599	0.96036	
-761.19900	55.85638	158.26262	0.96099	16.17319	31.63576	0.15428	0.81770	0.52842	-0.22832	-0.50376	0.84883	0.16036	0.27854	-0.01611	0.96029	
-761.19931	55.83902	158.24300	0.96560	16.20703	31.63271	0.14935	0.81759	0.52840	-0.22877	-0.50363	0.84884	0.16071	0.27911	-0.01618	0.96012	
-761.19138	55.85880	158.23007	0.95069	16.18257	31.62855	0.14661	0.81773	0.52828	-0.22857	-0.50363	0.84892	0.16026	0.27870	-0.01593	0.96025	
-761.19940	55.85540	158.24464	0.96160	16.23596	31.62176	0.15069	0.81757	0.52823	-0.22925	-0.50340	0.84895	0.16086	0.27959	-0.01611	0.95998	
-761.19097	55.83800	158.25556	0.96060	16.20209	31.63611	0.13917	0.81758	0.52843	-0.22873	-0.50369	0.84882	0.16061	0.27903	-0.01610	0.96015	
-761.19938	55.83249	158.24917	0.93775	16.17973	31.62745	0.12969	0.81775	0.52821	-0.22865	-0.50362	0.84897	0.16004	0.27865	-0.01572	0.96026	
-761.19390	55.84437	158.26021	0.96398	16.20882	31.62146	0.13516	0.81768	0.52823	-0.22884	-0.50346	0.84895	0.16066	0.27914	-0.01616	0.96011	
-761.20042	55.83880	158.23270	0.94401	16.15952	31.63682	0.13321	0.81775	0.52837	-0.22828	-0.50381	0.84887	0.15999	0.27831	-0.01582	0.96036	
-761.19144	55.84882	158.24736	0.96501	16.19889	31.62797	0.14835	0.81767	0.52833	-0.22867	-0.50358	0.84889	0.16061	0.27897	-0.01617	0.96016	
-761.19365	55.85595	158.25704	0.96610	16.22014	31.63821	0.14412	0.81749	0.52849	-0.22894	-0.50367	0.84879	0.16086	0.27933	-0.01619	0.96006	
-761.19111	55.84144	158.25992	0.95278	16.18072	31.63618	0.13487	0.81767	0.52840	-0.22850	-0.50375	0.84885	0.16031	0.27867	-0.01597	0.96025	
